02
19
 0.001
 2       1.0      0.25                                                          
0 1500
10000
  20.20     0.020
 33.3
 20.0
 14.0
 10.0
  8.5
  7.22
  6.5
  5.62
  5.0
  3.33
  2.5
  2.0
  1.43
  1.22                                                                          
  1.000
  0.9506
  0.90
  0.85                                                                          
  0.813
  0.770                                                                           
  0.66
  0.60
  0.50
  0.38
  0.25
  0.167
  0.10
  0.085
  0.065
  0.05
  0.033
  0.025
  0.020
  0.0135
  0.010
 0   925  445
 0.163
 0.0909
 0.0488
 0.167
 0.278
 3.33
 7 
 3.03
 2.0 
 1.42
 1.11
 0.95
 0.5
 0.2
