   938
   937.0     53.30   4.1092E-01  0.847  0.153  3.10E-05  3.07E-50  1.68E-42  4.65E-24  0.00E+00  2.23E-50
   936.0     54.30   4.3070E-01  0.847  0.153  4.45E-05  2.48E-49  1.27E-41  2.24E-23  0.00E+00  1.74E-49
   935.0     55.30   4.5105E-01  0.847  0.153  6.31E-05  1.87E-48  8.84E-41  1.01E-22  0.00E+00  1.26E-48
   934.0     56.30   4.7198E-01  0.847  0.153  8.82E-05  1.31E-47  5.76E-40  4.27E-22  0.00E+00  8.60E-48
   933.0     57.30   4.9349E-01  0.847  0.153  1.22E-04  8.65E-47  3.51E-39  1.71E-21  0.00E+00  5.50E-47
   932.0     58.30   5.1559E-01  0.847  0.153  1.66E-04  5.35E-46  2.00E-38  6.45E-21  0.00E+00  3.31E-46
   931.0     59.29   5.3828E-01  0.847  0.153  2.24E-04  3.12E-45  1.08E-37  2.31E-20  0.00E+00  1.88E-45
   930.0     60.29   5.6158E-01  0.847  0.152  2.98E-04  1.72E-44  5.49E-37  7.90E-20  0.00E+00  1.01E-44
   929.0     61.28   5.8550E-01  0.847  0.152  3.93E-04  9.02E-44  2.64E-36  2.58E-19  0.00E+00  5.20E-44
   928.0     62.27   6.1004E-01  0.847  0.152  5.14E-04  4.49E-43  1.21E-35  8.03E-19  0.00E+00  2.54E-43
   927.0     63.27   6.3523E-01  0.847  0.152  6.65E-04  2.13E-42  5.28E-35  2.40E-18  0.00E+00  1.18E-42
   926.0     64.26   6.6106E-01  0.847  0.152  8.52E-04  9.67E-42  2.20E-34  6.90E-18  0.00E+00  5.27E-42
   925.0     65.25   6.8757E-01  0.847  0.152  1.08E-03  4.20E-41  8.76E-34  1.91E-17  0.00E+00  2.25E-41
   924.0     66.24   7.1476E-01  0.846  0.152  1.37E-03  1.75E-40  3.35E-33  5.10E-17  0.00E+00  9.26E-41
   923.0     67.23   7.4265E-01  0.846  0.152  1.71E-03  7.04E-40  1.23E-32  1.32E-16  0.00E+00  3.67E-40
   922.0     68.22   7.7127E-01  0.846  0.152  2.13E-03  2.72E-39  4.37E-32  3.30E-16  0.00E+00  1.40E-39
   921.0     69.21   8.0065E-01  0.845  0.152  2.63E-03  1.02E-38  1.50E-31  8.02E-16  0.00E+00  5.20E-39
   920.0     70.21   8.3081E-01  0.845  0.152  3.22E-03  3.69E-38  4.95E-31  1.89E-15  0.00E+00  1.86E-38
   919.0     71.20   8.6178E-01  0.844  0.152  3.93E-03  1.30E-37  1.59E-30  4.36E-15  0.00E+00  6.50E-38
   918.0     72.20   8.9361E-01  0.843  0.152  4.77E-03  4.43E-37  4.96E-30  9.77E-15  0.00E+00  2.20E-37
   917.0     73.20   9.2619E-01  0.843  0.152  4.93E-03  1.46E-36  1.50E-29  2.13E-14  0.00E+00  7.19E-37
   916.0     74.19   9.5948E-01  0.843  0.152  4.93E-03  4.69E-36  4.38E-29  4.54E-14  0.00E+00  2.28E-36
   915.0     75.19   9.9351E-01  0.843  0.152  4.93E-03  1.46E-35  1.24E-28  9.40E-14  0.00E+00  7.02E-36
   914.0     76.18   1.0283E+00  0.843  0.152  4.93E-03  4.40E-35  3.42E-28  1.90E-13  0.00E+00  2.10E-35
   913.0     77.17   1.0638E+00  0.843  0.152  4.93E-03  1.29E-34  9.17E-28  3.76E-13  0.00E+00  6.12E-35
   912.0     78.15   1.1000E+00  0.843  0.152  4.93E-03  3.68E-34  2.39E-27  7.27E-13  0.00E+00  1.73E-34
   911.0     79.14   1.1371E+00  0.843  0.152  4.93E-03  1.02E-33  6.07E-27  1.38E-12  0.00E+00  4.79E-34
   910.0     80.12   1.1749E+00  0.843  0.152  4.93E-03  2.78E-33  1.50E-26  2.55E-12  0.00E+00  1.29E-33
   909.0     81.10   1.2134E+00  0.843  0.152  4.93E-03  7.36E-33  3.64E-26  4.64E-12  0.00E+00  3.40E-33
   908.0     82.07   1.2527E+00  0.843  0.152  4.93E-03  1.91E-32  8.59E-26  8.28E-12  0.00E+00  8.77E-33
   907.0     83.05   1.2929E+00  0.843  0.152  4.93E-03  4.82E-32  1.99E-25  1.45E-11  0.00E+00  2.21E-32
   906.0     84.02   1.3338E+00  0.843  0.152  4.93E-03  1.19E-31  4.50E-25  2.50E-11  0.00E+00  5.45E-32
   905.0     84.99   1.3755E+00  0.843  0.152  4.93E-03  2.90E-31  9.97E-25  4.24E-11  0.00E+00  1.32E-31
   904.0     85.96   1.4180E+00  0.843  0.152  4.93E-03  6.89E-31  2.17E-24  7.08E-11  0.00E+00  3.12E-31
   903.0     86.93   1.4614E+00  0.843  0.152  4.93E-03  1.61E-30  4.62E-24  1.16E-10  0.00E+00  7.26E-31
   902.0     87.89   1.5056E+00  0.843  0.152  4.93E-03  3.68E-30  9.68E-24  1.88E-10  0.00E+00  1.66E-30
   901.0     88.85   1.5506E+00  0.843  0.152  4.93E-03  8.27E-30  1.99E-23  3.01E-10  0.00E+00  3.72E-30
   900.0     89.81   1.5964E+00  0.843  0.152  4.93E-03  1.83E-29  4.03E-23  4.74E-10  0.00E+00  8.20E-30
   899.0     90.77   1.6431E+00  0.843  0.152  4.93E-03  3.97E-29  8.01E-23  7.37E-10  0.00E+00  1.78E-29
   898.0     91.73   1.6907E+00  0.843  0.152  4.93E-03  8.49E-29  1.57E-22  1.13E-09  0.00E+00  3.80E-29
   897.0     92.68   1.7391E+00  0.843  0.152  4.93E-03  1.79E-28  3.02E-22  1.72E-09  0.00E+00  8.00E-29
   896.0     93.63   1.7883E+00  0.843  0.152  4.93E-03  3.71E-28  5.74E-22  2.58E-09  0.00E+00  1.66E-28
   895.0     94.58   1.8385E+00  0.843  0.152  4.93E-03  7.58E-28  1.08E-21  3.82E-09  0.00E+00  3.38E-28
   894.0     95.53   1.8895E+00  0.843  0.152  4.93E-03  1.53E-27  1.99E-21  5.60E-09  0.00E+00  6.82E-28
   893.0     96.47   1.9415E+00  0.843  0.152  4.93E-03  3.03E-27  3.62E-21  8.13E-09  0.00E+00  1.35E-27
   892.0     97.42   1.9943E+00  0.843  0.152  4.93E-03  5.95E-27  6.51E-21  1.17E-08  0.00E+00  2.66E-27
   891.0     98.36   2.0481E+00  0.843  0.152  4.93E-03  1.15E-26  1.16E-20  1.66E-08  0.00E+00  5.15E-27
   890.0     99.30   2.1027E+00  0.843  0.152  4.93E-03  2.20E-26  2.03E-20  2.35E-08  0.00E+00  9.84E-27
   889.0    100.24   2.1583E+00  0.843  0.152  4.93E-03  4.16E-26  3.52E-20  3.28E-08  0.00E+00  1.86E-26
   888.0    101.17   2.2148E+00  0.843  0.152  4.93E-03  7.76E-26  6.04E-20  4.54E-08  0.00E+00  3.48E-26
   887.0    102.11   2.2723E+00  0.843  0.152  4.93E-03  1.43E-25  1.02E-19  6.24E-08  0.00E+00  6.43E-26
   886.0    103.04   2.3307E+00  0.843  0.152  4.93E-03  2.61E-25  1.72E-19  8.49E-08  0.00E+00  1.17E-25
   885.0    103.97   2.3900E+00  0.843  0.152  4.93E-03  4.72E-25  2.85E-19  1.15E-07  0.00E+00  2.12E-25
   884.0    104.90   2.4503E+00  0.843  0.152  4.93E-03  8.44E-25  4.69E-19  1.54E-07  0.00E+00  3.80E-25
   883.0    105.82   2.5116E+00  0.843  0.152  4.93E-03  1.49E-24  7.63E-19  2.05E-07  0.00E+00  6.74E-25
   882.0    106.75   2.5739E+00  0.843  0.152  4.93E-03  2.62E-24  1.23E-18  2.71E-07  0.00E+00  1.18E-24
   881.0    107.67   2.6372E+00  0.843  0.152  4.93E-03  4.54E-24  1.97E-18  3.56E-07  0.00E+00  2.06E-24
   880.0    108.59   2.7014E+00  0.843  0.152  4.93E-03  7.80E-24  3.12E-18  4.64E-07  0.00E+00  3.55E-24
   879.0    109.51   2.7667E+00  0.843  0.152  4.93E-03  1.33E-23  4.89E-18  6.01E-07  0.00E+00  6.06E-24
   878.0    110.43   2.8329E+00  0.843  0.152  4.93E-03  2.25E-23  7.62E-18  7.74E-07  0.00E+00  1.03E-23
   877.0    111.35   2.9002E+00  0.843  0.152  4.93E-03  3.76E-23  1.18E-17  9.90E-07  0.00E+00  1.72E-23
   876.0    112.26   2.9686E+00  0.843  0.152  4.93E-03  6.25E-23  1.80E-17  1.26E-06  0.00E+00  2.87E-23
   875.0    113.17   3.0379E+00  0.843  0.152  4.93E-03  1.03E-22  2.74E-17  1.59E-06  0.00E+00  4.74E-23
   874.0    114.09   3.1083E+00  0.843  0.152  4.93E-03  1.68E-22  4.13E-17  2.00E-06  0.00E+00  7.76E-23
   873.0    115.00   3.1797E+00  0.843  0.152  4.93E-03  2.73E-22  6.19E-17  2.51E-06  0.00E+00  1.26E-22
   872.0    115.90   3.2523E+00  0.843  0.152  4.93E-03  4.39E-22  9.20E-17  3.12E-06  0.00E+00  2.04E-22
   871.0    116.81   3.3258E+00  0.843  0.152  4.93E-03  7.02E-22  1.36E-16  3.86E-06  0.00E+00  3.27E-22
   870.0    117.72   3.4005E+00  0.843  0.152  4.93E-03  1.11E-21  1.99E-16  4.76E-06  0.00E+00  5.21E-22
   869.0    118.62   3.4762E+00  0.843  0.152  4.93E-03  1.75E-21  2.90E-16  5.84E-06  0.00E+00  8.23E-22
   868.0    119.52   3.5531E+00  0.843  0.152  4.93E-03  2.75E-21  4.20E-16  7.12E-06  0.00E+00  1.29E-21
   867.0    120.42   3.6310E+00  0.843  0.152  4.93E-03  4.27E-21  6.05E-16  8.65E-06  0.00E+00  2.02E-21
   866.0    121.32   3.7101E+00  0.843  0.152  4.93E-03  6.60E-21  8.65E-16  1.05E-05  0.00E+00  3.13E-21
   865.0    122.22   3.7902E+00  0.843  0.152  4.93E-03  1.01E-20  1.23E-15  1.26E-05  0.00E+00  4.82E-21
   864.0    123.12   3.8716E+00  0.843  0.152  4.93E-03  1.55E-20  1.74E-15  1.51E-05  0.00E+00  7.39E-21
   863.0    124.01   3.9540E+00  0.843  0.152  4.93E-03  2.35E-20  2.44E-15  1.81E-05  0.00E+00  1.13E-20
   862.0    124.91   4.0376E+00  0.843  0.152  4.93E-03  3.54E-20  3.41E-15  2.15E-05  0.00E+00  1.70E-20
   861.0    125.80   4.1223E+00  0.843  0.152  4.93E-03  5.31E-20  4.75E-15  2.55E-05  0.00E+00  2.57E-20
   860.0    126.69   4.2082E+00  0.843  0.152  4.93E-03  7.92E-20  6.56E-15  3.01E-05  0.00E+00  3.84E-20
   859.0    127.58   4.2953E+00  0.843  0.152  4.93E-03  1.17E-19  9.03E-15  3.54E-05  0.00E+00  5.72E-20
   858.0    128.47   4.3836E+00  0.843  0.152  4.93E-03  1.73E-19  1.24E-14  4.15E-05  0.00E+00  8.48E-20
   857.0    129.36   4.4731E+00  0.843  0.152  4.93E-03  2.54E-19  1.68E-14  4.84E-05  0.00E+00  1.25E-19
   856.0    130.24   4.5638E+00  0.843  0.152  4.93E-03  3.72E-19  2.28E-14  5.64E-05  0.00E+00  1.83E-19
   855.0    131.13   4.6556E+00  0.843  0.152  4.93E-03  5.40E-19  3.08E-14  6.55E-05  0.00E+00  2.68E-19
   854.0    132.01   4.7488E+00  0.843  0.152  4.93E-03  7.81E-19  4.14E-14  7.57E-05  0.00E+00  3.89E-19
   853.0    132.90   4.8431E+00  0.843  0.152  4.93E-03  1.12E-18  5.54E-14  8.74E-05  0.00E+00  5.62E-19
   852.0    133.78   4.9387E+00  0.843  0.152  4.93E-03  1.61E-18  7.38E-14  1.00E-04  0.00E+00  8.09E-19
   851.0    134.66   5.0356E+00  0.843  0.152  4.93E-03  2.30E-18  9.80E-14  1.15E-04  0.00E+00  1.45E-18
   850.0    135.54   5.1337E+00  0.843  0.152  4.93E-03  3.51E-18  1.29E-13  1.23E-04  0.00E+00  2.62E-18
   849.0    136.42   5.2331E+00  0.843  0.152  4.93E-03  5.65E-18  1.70E-13  1.23E-04  0.00E+00  4.24E-18
   848.0    137.30   5.3338E+00  0.843  0.152  4.93E-03  9.05E-18  2.23E-13  1.23E-04  0.00E+00  6.76E-18
   847.0    138.17   5.4357E+00  0.843  0.152  4.93E-03  1.44E-17  2.91E-13  1.23E-04  0.00E+00  1.08E-17
   846.0    139.05   5.5389E+00  0.843  0.152  4.93E-03  2.27E-17  3.79E-13  1.23E-04  0.00E+00  1.70E-17
   845.0    139.92   5.6434E+00  0.843  0.152  4.93E-03  3.56E-17  4.90E-13  1.23E-04  0.00E+00  2.68E-17
   844.0    140.79   5.7492E+00  0.843  0.152  4.93E-03  5.56E-17  6.33E-13  1.23E-04  0.00E+00  4.17E-17
   843.0    141.67   5.8563E+00  0.843  0.152  4.93E-03  8.61E-17  8.14E-13  1.23E-04  0.00E+00  6.47E-17
   842.0    142.54   5.9648E+00  0.843  0.152  4.93E-03  1.32E-16  1.04E-12  1.23E-04  0.00E+00  9.97E-17
   841.0    143.41   6.0745E+00  0.843  0.152  4.93E-03  2.03E-16  1.33E-12  1.23E-04  0.00E+00  1.53E-16
   840.0    144.27   6.1857E+00  0.843  0.152  4.93E-03  3.08E-16  1.70E-12  1.23E-04  0.00E+00  2.33E-16
   839.0    145.14   6.2981E+00  0.843  0.152  4.93E-03  4.66E-16  2.15E-12  1.23E-04  0.00E+00  3.52E-16
   838.0    146.01   6.4119E+00  0.843  0.152  4.93E-03  7.01E-16  2.72E-12  1.23E-04  0.00E+00  5.30E-16
   837.0    146.87   6.5271E+00  0.843  0.152  4.93E-03  1.05E-15  3.43E-12  1.23E-04  0.00E+00  7.94E-16
   836.0    147.74   6.6437E+00  0.843  0.152  4.93E-03  1.56E-15  4.31E-12  1.23E-04  0.00E+00  1.18E-15
   835.0    148.60   6.7616E+00  0.843  0.152  4.93E-03  2.31E-15  5.40E-12  1.23E-04  0.00E+00  1.75E-15
   834.0    149.46   6.8809E+00  0.843  0.152  4.93E-03  3.40E-15  6.75E-12  1.23E-04  0.00E+00  2.58E-15
   833.0    150.32   7.0017E+00  0.843  0.152  4.93E-03  4.97E-15  8.41E-12  1.23E-04  0.00E+00  3.78E-15
   832.0    151.18   7.1238E+00  0.843  0.152  4.93E-03  7.25E-15  1.04E-11  1.23E-04  0.00E+00  5.52E-15
   831.0    152.04   7.2474E+00  0.843  0.152  4.93E-03  1.05E-14  1.29E-11  1.23E-04  0.00E+00  8.02E-15
   830.0    152.90   7.3724E+00  0.843  0.152  4.93E-03  1.52E-14  1.60E-11  1.23E-04  0.00E+00  1.16E-14
   829.0    153.76   7.4988E+00  0.843  0.152  4.93E-03  2.18E-14  1.97E-11  1.23E-04  0.00E+00  1.67E-14
   828.0    154.61   7.6267E+00  0.843  0.152  4.93E-03  3.11E-14  2.42E-11  1.23E-04  0.00E+00  2.39E-14
   827.0    155.47   7.7560E+00  0.843  0.152  4.93E-03  4.43E-14  2.96E-11  1.23E-04  0.00E+00  3.40E-14
   826.0    156.32   7.8868E+00  0.843  0.152  4.93E-03  6.27E-14  3.62E-11  1.23E-04  0.00E+00  4.83E-14
   825.0    157.18   8.0191E+00  0.843  0.152  4.93E-03  8.84E-14  4.42E-11  1.23E-04  0.00E+00  6.82E-14
   824.0    158.03   8.1529E+00  0.843  0.152  4.93E-03  1.24E-13  5.37E-11  1.23E-04  0.00E+00  9.59E-14
   823.0    158.88   8.2881E+00  0.843  0.152  4.93E-03  1.74E-13  6.52E-11  1.23E-04  0.00E+00  1.34E-13
   822.0    159.73   8.4249E+00  0.843  0.152  4.93E-03  2.42E-13  7.89E-11  1.23E-04  0.00E+00  1.87E-13
   821.0    160.58   8.5632E+00  0.843  0.152  4.93E-03  3.35E-13  9.53E-11  1.23E-04  0.00E+00  2.60E-13
   820.0    161.43   8.7030E+00  0.843  0.152  4.93E-03  4.63E-13  1.15E-10  1.23E-04  0.00E+00  3.61E-13
   819.0    162.28   8.8443E+00  0.843  0.152  4.93E-03  6.38E-13  1.38E-10  1.23E-04  0.00E+00  4.97E-13
   818.0    163.13   8.9872E+00  0.843  0.152  4.93E-03  8.74E-13  1.66E-10  1.23E-04  0.00E+00  6.83E-13
   817.0    163.97   9.1316E+00  0.843  0.152  4.93E-03  1.19E-12  1.98E-10  1.23E-04  0.00E+00  9.34E-13
   816.0    164.82   9.2776E+00  0.843  0.152  4.93E-03  1.62E-12  2.37E-10  1.23E-04  0.00E+00  1.27E-12
   815.0    165.66   9.4251E+00  0.843  0.152  4.93E-03  2.20E-12  2.82E-10  1.23E-04  0.00E+00  1.73E-12
   814.0    166.51   9.5742E+00  0.843  0.152  4.93E-03  2.97E-12  3.36E-10  1.23E-04  0.00E+00  2.34E-12
   813.0    167.35   9.7249E+00  0.843  0.152  4.93E-03  4.00E-12  3.99E-10  1.23E-04  0.00E+00  3.16E-12
   812.0    168.19   9.8772E+00  0.843  0.152  4.93E-03  5.37E-12  4.72E-10  1.23E-04  0.00E+00  4.25E-12
   811.0    169.03   1.0031E+01  0.843  0.152  4.93E-03  7.18E-12  5.58E-10  1.23E-04  0.00E+00  5.69E-12
   810.0    169.87   1.0187E+01  0.843  0.152  4.93E-03  9.57E-12  6.59E-10  1.23E-04  0.00E+00  7.60E-12
   809.0    170.71   1.0344E+01  0.843  0.152  4.93E-03  1.27E-11  7.76E-10  1.23E-04  0.00E+00  1.01E-11
   808.0    171.55   1.0503E+01  0.843  0.152  4.93E-03  1.68E-11  9.13E-10  1.23E-04  0.00E+00  1.34E-11
   807.0    172.39   1.0663E+01  0.843  0.152  4.93E-03  2.22E-11  1.07E-09  1.23E-04  0.00E+00  1.77E-11
   806.0    173.23   1.0825E+01  0.843  0.152  4.93E-03  2.92E-11  1.26E-09  1.23E-04  0.00E+00  2.34E-11
   805.0    174.06   1.0989E+01  0.843  0.152  4.93E-03  3.83E-11  1.47E-09  1.23E-04  0.00E+00  3.07E-11
   804.0    174.90   1.1154E+01  0.843  0.152  4.93E-03  5.01E-11  1.71E-09  1.23E-04  0.00E+00  4.03E-11
   803.0    175.73   1.1322E+01  0.843  0.152  4.93E-03  6.53E-11  2.00E-09  1.23E-04  0.00E+00  5.26E-11
   802.0    176.57   1.1490E+01  0.843  0.152  4.93E-03  8.49E-11  2.32E-09  1.23E-04  0.00E+00  6.86E-11
   801.0    177.40   1.1661E+01  0.843  0.152  4.93E-03  1.10E-10  2.70E-09  1.23E-04  0.00E+00  8.91E-11
   800.0    178.24   1.1833E+01  0.843  0.152  4.93E-03  1.42E-10  3.13E-09  1.23E-04  0.00E+00  1.15E-10
   799.0    179.07   1.2007E+01  0.843  0.152  4.93E-03  1.83E-10  3.63E-09  1.23E-04  0.00E+00  1.49E-10
   798.0    179.90   1.2183E+01  0.843  0.152  4.93E-03  2.36E-10  4.19E-09  1.23E-04  0.00E+00  1.92E-10
   797.0    180.73   1.2360E+01  0.843  0.152  4.93E-03  3.02E-10  4.84E-09  1.23E-04  0.00E+00  2.47E-10
   796.0    181.56   1.2539E+01  0.843  0.152  4.93E-03  3.86E-10  5.58E-09  1.23E-04  0.00E+00  3.17E-10
   795.0    182.39   1.2720E+01  0.843  0.152  4.93E-03  4.92E-10  6.42E-09  1.23E-04  0.00E+00  4.05E-10
   794.0    183.22   1.2903E+01  0.843  0.152  4.93E-03  6.26E-10  7.38E-09  1.23E-04  0.00E+00  5.16E-10
   793.0    184.04   1.3088E+01  0.843  0.152  4.93E-03  7.95E-10  8.47E-09  1.23E-04  0.00E+00  6.56E-10
   792.0    184.87   1.3274E+01  0.843  0.152  4.93E-03  1.01E-09  9.70E-09  1.23E-04  0.00E+00  8.33E-10
   791.0    185.70   1.3462E+01  0.843  0.152  4.93E-03  1.27E-09  1.11E-08  1.23E-04  0.00E+00  1.05E-09
   790.0    186.52   1.3652E+01  0.843  0.152  4.93E-03  1.60E-09  1.27E-08  1.23E-04  0.00E+00  1.33E-09
   789.0    187.35   1.3844E+01  0.843  0.152  4.93E-03  2.01E-09  1.45E-08  1.23E-04  0.00E+00  1.68E-09
   788.0    188.17   1.4037E+01  0.843  0.152  4.93E-03  2.52E-09  1.65E-08  1.23E-04  0.00E+00  2.11E-09
   787.0    189.00   1.4233E+01  0.843  0.152  4.93E-03  3.15E-09  1.88E-08  1.23E-04  0.00E+00  2.64E-09
   786.0    189.82   1.4430E+01  0.843  0.152  4.93E-03  3.94E-09  2.13E-08  1.23E-04  0.00E+00  3.31E-09
   785.0    190.64   1.4629E+01  0.843  0.152  4.93E-03  4.90E-09  2.42E-08  1.23E-04  0.00E+00  4.13E-09
   784.0    191.47   1.4830E+01  0.843  0.152  4.93E-03  6.09E-09  2.75E-08  1.23E-04  0.00E+00  5.14E-09
   783.0    192.29   1.5033E+01  0.843  0.152  4.93E-03  7.55E-09  3.11E-08  1.23E-04  0.00E+00  6.39E-09
   782.0    193.11   1.5238E+01  0.843  0.152  4.93E-03  9.34E-09  3.52E-08  1.23E-04  0.00E+00  7.93E-09
   781.0    193.93   1.5444E+01  0.843  0.152  4.93E-03  1.15E-08  3.97E-08  1.23E-04  0.00E+00  9.81E-09
   780.0    194.75   1.5653E+01  0.843  0.152  4.93E-03  1.42E-08  4.48E-08  1.23E-04  0.00E+00  1.21E-08
   779.0    195.57   1.5863E+01  0.843  0.152  4.93E-03  1.75E-08  5.05E-08  1.23E-04  0.00E+00  1.49E-08
   778.0    196.38   1.6076E+01  0.843  0.152  4.93E-03  2.14E-08  5.69E-08  1.23E-04  0.00E+00  1.84E-08
   777.0    197.20   1.6290E+01  0.843  0.152  4.93E-03  2.63E-08  6.40E-08  1.23E-04  0.00E+00  2.26E-08
   776.0    198.02   1.6507E+01  0.843  0.152  4.93E-03  3.21E-08  7.18E-08  1.23E-04  0.00E+00  2.76E-08
   775.0    198.83   1.6725E+01  0.843  0.152  4.93E-03  3.91E-08  8.06E-08  1.23E-04  0.00E+00  3.38E-08
   774.0    199.65   1.6945E+01  0.843  0.152  4.93E-03  4.77E-08  9.03E-08  1.23E-04  0.00E+00  4.13E-08
   773.0    200.47   1.7168E+01  0.843  0.152  4.93E-03  5.79E-08  1.01E-07  1.23E-04  0.00E+00  5.03E-08
   772.0    201.28   1.7392E+01  0.843  0.152  4.93E-03  7.03E-08  1.13E-07  1.23E-04  0.00E+00  6.12E-08
   771.0    202.09   1.7618E+01  0.843  0.152  4.93E-03  8.51E-08  1.26E-07  1.23E-04  0.00E+00  7.42E-08
   770.0    202.91   1.7846E+01  0.843  0.152  4.93E-03  1.03E-07  1.41E-07  1.23E-04  0.00E+00  8.99E-08
   769.0    203.72   1.8077E+01  0.843  0.152  4.93E-03  1.24E-07  1.57E-07  1.23E-04  0.00E+00  1.09E-07
   768.0    204.53   1.8309E+01  0.843  0.152  4.93E-03  1.49E-07  1.75E-07  1.23E-04  0.00E+00  1.31E-07
   767.0    205.35   1.8544E+01  0.843  0.152  4.93E-03  1.80E-07  1.95E-07  1.23E-04  0.00E+00  1.58E-07
   766.0    206.16   1.8780E+01  0.843  0.152  4.93E-03  2.16E-07  2.16E-07  1.23E-04  0.00E+00  1.90E-07
   765.0    206.97   1.9019E+01  0.843  0.152  4.93E-03  2.58E-07  2.40E-07  1.23E-04  0.00E+00  2.29E-07
   764.0    207.78   1.9259E+01  0.843  0.152  4.93E-03  3.09E-07  2.66E-07  1.23E-04  0.00E+00  2.74E-07
   763.0    208.59   1.9502E+01  0.843  0.152  4.93E-03  3.69E-07  2.95E-07  1.23E-04  0.00E+00  3.28E-07
   762.0    209.40   1.9747E+01  0.843  0.152  4.93E-03  4.40E-07  3.27E-07  1.23E-04  0.00E+00  3.92E-07
   761.0    210.21   1.9994E+01  0.843  0.152  4.93E-03  5.23E-07  3.62E-07  1.23E-04  0.00E+00  4.67E-07
   760.0    211.02   2.0243E+01  0.843  0.152  4.93E-03  6.22E-07  4.00E-07  1.23E-04  0.00E+00  5.56E-07
   759.0    211.82   2.0494E+01  0.843  0.152  4.93E-03  7.38E-07  4.41E-07  1.23E-04  0.00E+00  6.60E-07
   758.0    212.63   2.0747E+01  0.843  0.152  4.93E-03  8.73E-07  4.87E-07  1.24E-04  0.00E+00  7.83E-07
   757.0    213.44   2.1003E+01  0.843  0.152  4.93E-03  1.03E-06  5.37E-07  1.24E-04  0.00E+00  9.26E-07
   756.0    214.25   2.1260E+01  0.843  0.152  4.93E-03  1.22E-06  5.91E-07  1.24E-04  0.00E+00  1.09E-06
   755.0    215.05   2.1520E+01  0.843  0.152  4.93E-03  1.44E-06  6.51E-07  1.24E-04  0.00E+00  1.29E-06
   754.0    215.86   2.1782E+01  0.843  0.152  4.93E-03  1.69E-06  7.16E-07  1.24E-04  0.00E+00  1.52E-06
   753.0    216.66   2.2046E+01  0.843  0.152  4.93E-03  1.98E-06  7.86E-07  1.25E-04  0.00E+00  1.78E-06
   752.0    217.47   2.2313E+01  0.843  0.152  4.93E-03  2.32E-06  8.63E-07  1.25E-04  0.00E+00  2.09E-06
   751.0    218.27   2.2582E+01  0.843  0.152  4.93E-03  2.72E-06  9.47E-07  1.25E-04  0.00E+00  2.44E-06
   750.0    219.07   2.2852E+01  0.843  0.152  4.93E-03  3.17E-06  1.04E-06  1.26E-04  0.00E+00  2.85E-06
   749.0    219.88   2.3126E+01  0.843  0.152  4.93E-03  3.70E-06  1.14E-06  1.26E-04  0.00E+00  3.31E-06
   748.0    220.68   2.3401E+01  0.843  0.152  4.93E-03  4.30E-06  1.24E-06  1.27E-04  0.00E+00  3.84E-06
   747.0    221.48   2.3679E+01  0.843  0.152  4.93E-03  4.99E-06  1.36E-06  1.28E-04  0.00E+00  4.45E-06
   746.0    222.29   2.3958E+01  0.843  0.152  4.93E-03  5.79E-06  1.49E-06  1.28E-04  0.00E+00  5.13E-06
   745.0    223.09   2.4241E+01  0.843  0.152  4.93E-03  6.69E-06  1.62E-06  1.29E-04  0.00E+00  5.91E-06
   744.0    223.89   2.4525E+01  0.843  0.152  4.93E-03  7.72E-06  1.77E-06  1.30E-04  0.00E+00  6.78E-06
   743.0    224.69   2.4812E+01  0.843  0.152  4.93E-03  8.88E-06  1.93E-06  1.32E-04  0.00E+00  7.76E-06
   742.0    225.49   2.5101E+01  0.843  0.152  4.93E-03  1.02E-05  2.10E-06  1.33E-04  0.00E+00  8.85E-06
   741.0    226.29   2.5393E+01  0.843  0.152  4.93E-03  1.17E-05  2.29E-06  1.34E-04  0.00E+00  1.01E-05
   740.0    227.09   2.5686E+01  0.843  0.152  4.93E-03  1.34E-05  2.49E-06  1.36E-04  0.00E+00  1.14E-05
   739.0    227.89   2.5983E+01  0.843  0.152  4.93E-03  1.52E-05  2.71E-06  1.38E-04  0.00E+00  1.29E-05
   738.0    228.69   2.6281E+01  0.843  0.152  4.93E-03  1.73E-05  2.94E-06  1.40E-04  0.00E+00  1.45E-05
   737.0    229.49   2.6582E+01  0.843  0.152  4.93E-03  1.96E-05  3.20E-06  1.42E-04  0.00E+00  1.62E-05
   736.0    230.29   2.6885E+01  0.843  0.152  4.93E-03  2.22E-05  3.47E-06  1.45E-04  0.00E+00  1.82E-05
   735.0    231.08   2.7191E+01  0.843  0.152  4.93E-03  2.51E-05  3.76E-06  1.48E-04  0.00E+00  2.02E-05
   734.0    231.88   2.7499E+01  0.843  0.152  4.93E-03  2.82E-05  4.07E-06  1.51E-04  0.00E+00  2.25E-05
   733.0    232.68   2.7810E+01  0.843  0.152  4.93E-03  3.17E-05  4.41E-06  1.54E-04  0.00E+00  2.49E-05
   732.0    233.48   2.8123E+01  0.843  0.152  4.93E-03  3.54E-05  4.78E-06  1.58E-04  0.00E+00  2.75E-05
   731.0    234.27   2.8438E+01  0.843  0.152  4.93E-03  3.96E-05  5.17E-06  1.62E-04  0.00E+00  3.02E-05
   730.0    235.07   2.8756E+01  0.843  0.152  4.93E-03  4.41E-05  5.58E-06  1.67E-04  0.00E+00  3.32E-05
   729.0    235.87   2.9077E+01  0.843  0.152  4.93E-03  4.89E-05  6.03E-06  1.72E-04  0.00E+00  3.63E-05
   728.0    236.66   2.9400E+01  0.843  0.152  4.93E-03  5.42E-05  6.51E-06  1.77E-04  0.00E+00  3.97E-05
   727.0    237.46   2.9725E+01  0.843  0.152  4.93E-03  5.99E-05  7.03E-06  1.83E-04  0.00E+00  4.32E-05
   726.0    238.25   3.0054E+01  0.843  0.152  4.93E-03  6.61E-05  7.58E-06  1.89E-04  0.00E+00  4.70E-05
   725.0    239.05   3.0384E+01  0.843  0.152  4.93E-03  7.27E-05  8.17E-06  1.95E-04  0.00E+00  5.10E-05
   724.0    239.84   3.0717E+01  0.843  0.152  4.93E-03  7.98E-05  8.80E-06  2.02E-04  0.00E+00  5.52E-05
   723.0    240.64   3.1053E+01  0.843  0.152  4.93E-03  8.73E-05  9.48E-06  2.10E-04  0.00E+00  5.97E-05
   722.0    241.43   3.1391E+01  0.843  0.152  4.93E-03  9.55E-05  1.02E-05  2.18E-04  0.00E+00  6.44E-05
   721.0    242.23   3.1732E+01  0.843  0.152  4.93E-03  1.04E-04  1.10E-05  2.27E-04  0.00E+00  4.68E-06
   720.0    243.02   3.2076E+01  0.843  0.152  4.93E-03  1.05E-04  1.18E-05  2.27E-04  0.00E+00  0.00E+00
   719.0    243.81   3.2422E+01  0.843  0.152  4.93E-03  1.05E-04  1.27E-05  2.27E-04  0.00E+00  0.00E+00
   718.0    244.61   3.2771E+01  0.843  0.152  4.93E-03  1.05E-04  1.36E-05  2.27E-04  0.00E+00  0.00E+00
   717.0    245.40   3.3122E+01  0.843  0.152  4.93E-03  1.05E-04  1.46E-05  2.27E-04  0.00E+00  0.00E+00
   716.0    246.19   3.3476E+01  0.843  0.152  4.93E-03  1.05E-04  1.56E-05  2.27E-04  0.00E+00  0.00E+00
   715.0    246.99   3.3833E+01  0.843  0.152  4.93E-03  1.05E-04  1.68E-05  2.27E-04  0.00E+00  0.00E+00
   714.0    247.78   3.4192E+01  0.843  0.152  4.93E-03  1.05E-04  1.80E-05  2.27E-04  0.00E+00  0.00E+00
   713.0    248.57   3.4554E+01  0.843  0.152  4.93E-03  1.05E-04  1.92E-05  2.27E-04  0.00E+00  0.00E+00
   712.0    249.36   3.4919E+01  0.843  0.152  4.93E-03  1.05E-04  2.06E-05  2.27E-04  0.00E+00  0.00E+00
   711.0    250.15   3.5286E+01  0.843  0.152  4.93E-03  1.05E-04  2.20E-05  2.27E-04  0.00E+00  0.00E+00
   710.0    250.95   3.5656E+01  0.843  0.152  4.93E-03  1.05E-04  2.36E-05  2.27E-04  0.00E+00  0.00E+00
   709.0    251.74   3.6028E+01  0.843  0.152  4.93E-03  1.05E-04  2.52E-05  2.27E-04  0.00E+00  0.00E+00
   708.0    252.53   3.6404E+01  0.843  0.152  4.93E-03  1.05E-04  2.69E-05  2.27E-04  0.00E+00  0.00E+00
   707.0    253.32   3.6782E+01  0.843  0.152  4.93E-03  1.05E-04  2.87E-05  2.27E-04  0.00E+00  0.00E+00
   706.0    254.11   3.7162E+01  0.843  0.152  4.93E-03  1.05E-04  3.07E-05  2.27E-04  0.00E+00  0.00E+00
   705.0    254.90   3.7546E+01  0.843  0.152  4.93E-03  1.05E-04  3.27E-05  2.27E-04  0.00E+00  0.00E+00
   704.0    255.69   3.7932E+01  0.843  0.152  4.93E-03  1.05E-04  3.49E-05  2.27E-04  0.00E+00  0.00E+00
   703.0    256.48   3.8321E+01  0.843  0.152  4.93E-03  1.05E-04  3.72E-05  2.27E-04  0.00E+00  0.00E+00
   702.0    257.27   3.8713E+01  0.843  0.152  4.93E-03  1.05E-04  3.96E-05  2.27E-04  0.00E+00  0.00E+00
   701.0    258.06   3.9108E+01  0.843  0.152  4.93E-03  1.05E-04  4.21E-05  2.27E-04  0.00E+00  0.00E+00
   700.0    258.84   3.9505E+01  0.843  0.152  4.93E-03  1.05E-04  4.49E-05  2.27E-04  0.00E+00  0.00E+00
   699.0    259.63   3.9906E+01  0.843  0.152  4.93E-03  1.05E-04  4.77E-05  2.27E-04  0.00E+00  0.00E+00
   698.0    260.42   4.0309E+01  0.843  0.152  4.93E-03  1.05E-04  5.08E-05  2.27E-04  0.00E+00  0.00E+00
   697.0    261.21   4.0715E+01  0.843  0.152  4.93E-03  1.05E-04  5.39E-05  2.27E-04  0.00E+00  0.00E+00
   696.0    262.00   4.1123E+01  0.843  0.152  4.93E-03  1.05E-04  5.73E-05  2.27E-04  0.00E+00  0.00E+00
   695.0    262.78   4.1535E+01  0.843  0.152  4.93E-03  1.05E-04  6.09E-05  2.27E-04  0.00E+00  0.00E+00
   694.0    263.57   4.1950E+01  0.843  0.152  4.93E-03  1.05E-04  6.46E-05  2.27E-04  0.00E+00  0.00E+00
   693.0    264.36   4.2367E+01  0.843  0.152  4.93E-03  1.05E-04  6.86E-05  2.27E-04  0.00E+00  0.00E+00
   692.0    265.15   4.2787E+01  0.843  0.152  4.93E-03  1.05E-04  7.28E-05  2.27E-04  0.00E+00  0.00E+00
   691.0    265.93   4.3211E+01  0.843  0.152  4.93E-03  1.05E-04  7.71E-05  2.27E-04  0.00E+00  0.00E+00
   690.0    266.72   4.3637E+01  0.843  0.152  4.93E-03  1.05E-04  8.18E-05  2.27E-04  0.00E+00  0.00E+00
   689.0    267.50   4.4066E+01  0.843  0.152  4.93E-03  1.05E-04  8.66E-05  2.27E-04  0.00E+00  0.00E+00
   688.0    268.29   4.4498E+01  0.843  0.152  4.93E-03  1.05E-04  9.17E-05  2.27E-04  0.00E+00  0.00E+00
   687.0    269.08   4.4933E+01  0.843  0.152  4.93E-03  1.05E-04  9.71E-05  2.27E-04  0.00E+00  0.00E+00
   686.0    269.86   4.5371E+01  0.843  0.152  4.93E-03  1.05E-04  1.03E-04  2.27E-04  0.00E+00  0.00E+00
   685.0    270.65   4.5812E+01  0.843  0.152  4.93E-03  1.05E-04  1.09E-04  2.27E-04  0.00E+00  0.00E+00
   684.0    271.43   4.6256E+01  0.843  0.152  4.93E-03  1.05E-04  1.15E-04  2.27E-04  0.00E+00  0.00E+00
   683.0    272.22   4.6703E+01  0.843  0.152  4.93E-03  1.05E-04  1.21E-04  2.27E-04  2.40E-05  0.00E+00
   682.0    273.00   4.7153E+01  0.843  0.152  4.93E-03  1.05E-04  1.27E-04  2.27E-04  2.52E-05  0.00E+00
   681.0    273.79   4.7607E+01  0.843  0.152  4.93E-03  1.05E-04  1.33E-04  2.28E-04  2.65E-05  0.00E+00
   680.0    274.57   4.8063E+01  0.843  0.152  4.93E-03  1.05E-04  1.39E-04  2.28E-04  2.78E-05  0.00E+00
   679.0    275.36   4.8522E+01  0.843  0.152  4.93E-03  1.05E-04  1.46E-04  2.28E-04  2.91E-05  0.00E+00
   678.0    276.14   4.8984E+01  0.843  0.152  4.93E-03  1.05E-04  1.53E-04  2.28E-04  3.05E-05  0.00E+00
   677.0    276.93   4.9450E+01  0.843  0.152  4.93E-03  1.05E-04  1.60E-04  2.28E-04  3.20E-05  0.00E+00
   676.0    277.71   4.9918E+01  0.843  0.152  4.93E-03  1.05E-04  1.68E-04  2.28E-04  3.35E-05  0.00E+00
   675.0    278.50   5.0390E+01  0.843  0.152  4.93E-03  1.05E-04  1.76E-04  2.28E-04  3.51E-05  0.00E+00
   674.0    279.28   5.0865E+01  0.843  0.152  4.93E-03  1.06E-04  1.84E-04  2.28E-04  3.67E-05  0.00E+00
   673.0    280.06   5.1343E+01  0.843  0.152  4.93E-03  1.06E-04  1.92E-04  2.28E-04  3.84E-05  0.00E+00
   672.0    280.85   5.1824E+01  0.843  0.152  4.93E-03  1.06E-04  2.01E-04  2.28E-04  4.02E-05  0.00E+00
   671.0    281.63   5.2309E+01  0.843  0.152  4.93E-03  1.06E-04  2.10E-04  2.28E-04  4.21E-05  0.00E+00
   670.0    282.41   5.2796E+01  0.843  0.152  4.93E-03  1.06E-04  2.19E-04  2.29E-04  4.40E-05  0.00E+00
   669.0    283.20   5.3287E+01  0.843  0.152  4.93E-03  1.06E-04  2.29E-04  2.29E-04  4.60E-05  0.00E+00
   668.0    283.98   5.3781E+01  0.843  0.152  4.93E-03  1.06E-04  2.39E-04  2.29E-04  4.81E-05  0.00E+00
   667.0    284.76   5.4278E+01  0.843  0.152  4.93E-03  1.06E-04  2.50E-04  2.29E-04  5.02E-05  0.00E+00
   666.0    285.55   5.4778E+01  0.843  0.152  4.93E-03  1.06E-04  2.61E-04  2.29E-04  5.25E-05  0.00E+00
   665.0    286.33   5.5282E+01  0.843  0.152  4.93E-03  1.06E-04  2.72E-04  2.29E-04  5.48E-05  0.00E+00
   664.0    287.11   5.5789E+01  0.843  0.152  4.93E-03  1.07E-04  2.84E-04  2.29E-04  5.72E-05  0.00E+00
   663.0    287.90   5.6299E+01  0.843  0.152  4.93E-03  1.07E-04  2.96E-04  2.29E-04  5.97E-05  0.00E+00
   662.0    288.68   5.6813E+01  0.843  0.152  4.93E-03  1.07E-04  3.08E-04  2.29E-04  6.23E-05  0.00E+00
   661.0    289.46   5.7330E+01  0.843  0.152  4.93E-03  1.07E-04  3.21E-04  2.29E-04  6.50E-05  0.00E+00
   660.0    290.24   5.7850E+01  0.843  0.152  4.93E-03  1.07E-04  3.34E-04  2.29E-04  6.78E-05  0.00E+00
   659.0    291.03   5.8374E+01  0.843  0.152  4.93E-03  1.07E-04  3.48E-04  2.30E-04  7.06E-05  0.00E+00
   658.0    291.81   5.8901E+01  0.843  0.152  4.93E-03  1.07E-04  3.62E-04  2.30E-04  7.36E-05  0.00E+00
   657.0    292.59   5.9431E+01  0.843  0.152  4.93E-03  1.07E-04  3.77E-04  2.30E-04  7.67E-05  0.00E+00
   656.0    293.37   5.9965E+01  0.843  0.152  4.93E-03  1.07E-04  3.92E-04  2.30E-04  7.99E-05  0.00E+00
   655.0    294.15   6.0502E+01  0.843  0.152  4.93E-03  1.07E-04  4.08E-04  2.30E-04  8.32E-05  0.00E+00
   654.0    294.94   6.1042E+01  0.843  0.152  4.93E-03  1.08E-04  4.25E-04  2.30E-04  8.67E-05  0.00E+00
   653.0    295.72   6.1586E+01  0.843  0.152  4.93E-03  1.08E-04  4.41E-04  2.30E-04  9.02E-05  0.00E+00
   652.0    296.50   6.2134E+01  0.843  0.152  4.93E-03  1.08E-04  4.59E-04  2.30E-04  9.39E-05  0.00E+00
   651.0    297.28   6.2685E+01  0.843  0.152  4.93E-03  1.08E-04  4.77E-04  2.30E-04  9.77E-05  0.00E+00
   650.0    298.06   6.3239E+01  0.843  0.152  4.93E-03  1.08E-04  4.95E-04  2.30E-04  1.02E-04  0.00E+00
   649.0    298.85   6.3797E+01  0.843  0.152  4.93E-03  1.08E-04  5.14E-04  2.30E-04  1.06E-04  0.00E+00
   648.0    299.63   6.4358E+01  0.843  0.152  4.93E-03  1.08E-04  5.34E-04  2.31E-04  1.14E-04  0.00E+00
   647.0    300.41   6.4923E+01  0.842  0.152  4.93E-03  1.08E-04  5.55E-04  2.31E-04  1.14E-04  0.00E+00
   646.0    301.19   6.5492E+01  0.842  0.152  4.93E-03  1.09E-04  5.76E-04  2.31E-04  1.18E-04  0.00E+00
   645.0    301.97   6.6064E+01  0.842  0.152  4.93E-03  1.09E-04  5.97E-04  2.31E-04  1.23E-04  0.00E+00
   644.0    302.76   6.6640E+01  0.842  0.152  4.93E-03  1.09E-04  6.19E-04  2.31E-04  1.27E-04  0.00E+00
   643.0    303.54   6.7219E+01  0.842  0.152  4.93E-03  1.09E-04  6.42E-04  2.31E-04  1.32E-04  0.00E+00
   642.0    304.32   6.7802E+01  0.842  0.152  4.93E-03  1.09E-04  6.65E-04  2.31E-04  1.37E-04  0.00E+00
   641.0    305.10   6.8388E+01  0.842  0.152  4.93E-03  1.09E-04  6.89E-04  2.31E-04  1.42E-04  0.00E+00
   640.0    305.88   6.8978E+01  0.842  0.152  4.93E-03  1.09E-04  7.14E-04  2.31E-04  1.48E-04  0.00E+00
   639.0    306.67   6.9572E+01  0.842  0.152  4.93E-03  1.09E-04  7.40E-04  2.31E-04  1.53E-04  0.00E+00
   638.0    307.45   7.0170E+01  0.842  0.152  4.93E-03  1.09E-04  7.66E-04  2.32E-04  1.59E-04  0.00E+00
   637.0    308.23   7.0771E+01  0.842  0.152  4.93E-03  1.10E-04  7.93E-04  2.32E-04  1.65E-04  0.00E+00
   636.0    309.01   7.1376E+01  0.842  0.152  4.93E-03  1.10E-04  8.21E-04  2.32E-04  1.71E-04  0.00E+00
   635.0    309.79   7.1985E+01  0.842  0.152  4.93E-03  1.10E-04  8.49E-04  2.32E-04  1.77E-04  0.00E+00
   634.0    310.58   7.2597E+01  0.842  0.152  4.93E-03  1.10E-04  8.79E-04  2.32E-04  1.83E-04  0.00E+00
   633.0    311.36   7.3213E+01  0.842  0.152  4.93E-03  1.10E-04  9.09E-04  2.32E-04  1.90E-04  0.00E+00
   632.0    312.14   7.3833E+01  0.842  0.152  4.93E-03  1.10E-04  9.40E-04  2.32E-04  1.97E-04  0.00E+00
   631.0    312.92   7.4457E+01  0.842  0.152  4.93E-03  1.10E-04  9.72E-04  2.32E-04  2.04E-04  0.00E+00
   630.0    313.70   7.5085E+01  0.842  0.152  4.93E-03  1.10E-04  1.00E-03  2.32E-04  2.11E-04  0.00E+00
   629.0    314.49   7.5716E+01  0.842  0.152  4.93E-03  1.11E-04  1.04E-03  2.32E-04  2.18E-04  0.00E+00
   628.0    315.27   7.6352E+01  0.842  0.152  4.93E-03  1.11E-04  1.07E-03  2.33E-04  2.26E-04  0.00E+00
   627.0    316.05   7.6991E+01  0.842  0.152  4.93E-03  1.11E-04  1.11E-03  2.33E-04  2.33E-04  0.00E+00
   626.0    316.83   7.7634E+01  0.842  0.152  4.93E-03  1.11E-04  1.14E-03  2.33E-04  2.42E-04  0.00E+00
   625.0    317.62   7.8281E+01  0.842  0.152  4.93E-03  1.11E-04  1.18E-03  2.33E-04  2.50E-04  0.00E+00
   624.0    318.40   7.8932E+01  0.842  0.152  4.93E-03  1.11E-04  1.22E-03  2.33E-04  2.58E-04  0.00E+00
   623.0    319.18   7.9587E+01  0.842  0.152  4.93E-03  1.11E-04  1.26E-03  2.33E-04  2.67E-04  0.00E+00
   622.0    319.97   8.0246E+01  0.842  0.152  4.93E-03  1.12E-04  1.30E-03  2.33E-04  2.76E-04  0.00E+00
   621.0    320.75   8.0909E+01  0.842  0.152  4.93E-03  1.12E-04  1.34E-03  2.33E-04  2.85E-04  0.00E+00
   620.0    321.53   8.1576E+01  0.842  0.152  4.93E-03  1.12E-04  1.38E-03  2.33E-04  2.95E-04  0.00E+00
   619.0    322.32   8.2247E+01  0.842  0.152  4.93E-03  1.12E-04  1.43E-03  2.34E-04  3.04E-04  0.00E+00
   618.0    323.10   8.2922E+01  0.842  0.152  4.93E-03  1.12E-04  1.47E-03  2.34E-04  3.14E-04  0.00E+00
   617.0    323.88   8.3601E+01  0.842  0.151  4.93E-03  1.12E-04  1.52E-03  2.34E-04  3.25E-04  0.00E+00
   616.0    324.67   8.4285E+01  0.842  0.151  4.93E-03  1.12E-04  1.56E-03  2.34E-04  3.35E-04  0.00E+00
   615.0    325.45   8.4972E+01  0.842  0.151  4.93E-03  1.12E-04  1.61E-03  2.34E-04  3.46E-04  0.00E+00
   614.0    326.24   8.5664E+01  0.842  0.151  4.93E-03  1.13E-04  1.66E-03  2.34E-04  3.57E-04  0.00E+00
   613.0    327.02   8.6359E+01  0.841  0.151  4.93E-03  1.13E-04  1.71E-03  2.34E-04  3.68E-04  0.00E+00
   612.0    327.81   8.7059E+01  0.841  0.151  4.93E-03  1.13E-04  1.76E-03  2.34E-04  3.80E-04  0.00E+00
   611.0    328.59   8.7763E+01  0.841  0.151  4.93E-03  1.13E-04  1.82E-03  2.34E-04  3.92E-04  0.00E+00
   610.0    329.37   8.8472E+01  0.841  0.151  4.93E-03  1.13E-04  1.87E-03  2.34E-04  4.04E-04  0.00E+00
   609.0    330.16   8.9185E+01  0.841  0.151  4.93E-03  1.13E-04  1.92E-03  2.35E-04  4.17E-04  0.00E+00
   608.0    330.95   8.9902E+01  0.841  0.151  4.93E-03  1.13E-04  1.98E-03  2.35E-04  4.30E-04  0.00E+00
   607.0    331.73   9.0623E+01  0.841  0.151  4.93E-03  1.14E-04  2.04E-03  2.35E-04  4.43E-04  0.00E+00
   606.0    332.52   9.1349E+01  0.841  0.151  4.93E-03  1.14E-04  2.10E-03  2.35E-04  4.56E-04  0.00E+00
   605.0    333.30   9.2079E+01  0.841  0.151  4.93E-03  1.14E-04  2.16E-03  2.35E-04  4.70E-04  0.00E+00
   604.0    334.09   9.2813E+01  0.841  0.151  4.93E-03  1.14E-04  2.22E-03  2.35E-04  4.85E-04  0.00E+00
   603.0    334.88   9.3552E+01  0.841  0.151  4.93E-03  1.14E-04  2.28E-03  2.35E-04  4.99E-04  0.00E+00
   602.0    335.66   9.4295E+01  0.841  0.151  4.93E-03  1.14E-04  2.35E-03  2.35E-04  5.14E-04  0.00E+00
   601.0    336.45   9.5043E+01  0.841  0.151  4.93E-03  1.14E-04  2.41E-03  2.35E-04  5.29E-04  0.00E+00
   600.0    337.24   9.5795E+01  0.841  0.151  4.93E-03  1.15E-04  2.48E-03  2.36E-04  5.45E-04  0.00E+00
   599.0    338.03   9.6552E+01  0.841  0.151  4.93E-03  1.15E-04  2.55E-03  2.36E-04  5.61E-04  0.00E+00
   598.0    338.81   9.7313E+01  0.841  0.151  4.93E-03  1.15E-04  2.62E-03  2.36E-04  5.77E-04  0.00E+00
   597.0    339.60   9.8079E+01  0.841  0.151  4.93E-03  1.15E-04  2.69E-03  2.36E-04  5.94E-04  0.00E+00
   596.0    340.39   9.8849E+01  0.841  0.151  4.93E-03  1.15E-04  2.77E-03  2.36E-04  6.11E-04  0.00E+00
   595.0    341.18   9.9624E+01  0.841  0.151  4.93E-03  1.15E-04  2.84E-03  2.36E-04  6.29E-04  0.00E+00
   594.0    341.97   1.0040E+02  0.840  0.151  4.93E-03  1.16E-04  2.92E-03  2.36E-04  6.47E-04  0.00E+00
   593.0    342.76   1.0119E+02  0.840  0.151  4.93E-03  1.16E-04  3.00E-03  2.36E-04  6.66E-04  0.00E+00
   592.0    343.55   1.0198E+02  0.840  0.151  4.93E-03  1.16E-04  3.08E-03  2.36E-04  6.84E-04  0.00E+00
   591.0    344.34   1.0277E+02  0.840  0.151  4.93E-03  1.16E-04  3.16E-03  2.36E-04  7.03E-04  0.00E+00
   590.0    345.13   1.0357E+02  0.840  0.151  4.93E-03  1.16E-04  3.24E-03  2.37E-04  7.23E-04  0.00E+00
   589.0    345.92   1.0437E+02  0.840  0.151  4.93E-03  1.16E-04  3.33E-03  2.37E-04  7.43E-04  0.00E+00
   588.0    346.71   1.0518E+02  0.840  0.151  4.93E-03  1.16E-04  3.42E-03  2.37E-04  7.64E-04  0.00E+00
   587.0    347.50   1.0599E+02  0.840  0.151  4.93E-03  1.17E-04  3.51E-03  2.37E-04  7.85E-04  0.00E+00
   586.0    348.29   1.0681E+02  0.840  0.151  4.93E-03  1.17E-04  3.60E-03  2.37E-04  8.06E-04  0.00E+00
   585.0    349.09   1.0764E+02  0.840  0.151  4.93E-03  1.17E-04  3.69E-03  2.37E-04  8.28E-04  0.00E+00
   584.0    349.88   1.0846E+02  0.840  0.151  4.93E-03  1.17E-04  3.78E-03  2.37E-04  8.51E-04  0.00E+00
   583.0    350.67   1.0930E+02  0.840  0.151  4.93E-03  1.17E-04  3.88E-03  2.37E-04  8.73E-04  0.00E+00
   582.0    351.47   1.1013E+02  0.840  0.151  4.93E-03  1.17E-04  3.98E-03  2.37E-04  8.97E-04  0.00E+00
   581.0    352.26   1.1098E+02  0.839  0.151  4.93E-03  1.18E-04  4.08E-03  2.38E-04  9.21E-04  0.00E+00
   580.0    353.06   1.1183E+02  0.839  0.151  4.93E-03  1.18E-04  4.18E-03  2.38E-04  9.45E-04  0.00E+00
   579.0    353.85   1.1268E+02  0.839  0.151  4.93E-03  1.18E-04  4.28E-03  2.38E-04  9.70E-04  0.00E+00
   578.0    354.65   1.1354E+02  0.839  0.151  4.93E-03  1.18E-04  4.39E-03  2.38E-04  9.95E-04  0.00E+00
   577.0    355.44   1.1440E+02  0.839  0.151  4.93E-03  1.18E-04  4.50E-03  2.38E-04  1.02E-03  0.00E+00
   576.0    356.24   1.1527E+02  0.839  0.151  4.93E-03  1.18E-04  4.61E-03  2.38E-04  1.05E-03  0.00E+00
   575.0    357.04   1.1614E+02  0.839  0.151  4.93E-03  1.19E-04  4.72E-03  2.38E-04  1.07E-03  0.00E+00
   574.0    357.83   1.1702E+02  0.839  0.151  4.93E-03  1.19E-04  4.83E-03  2.38E-04  1.10E-03  0.00E+00
   573.0    358.63   1.1791E+02  0.839  0.151  4.93E-03  1.19E-04  4.95E-03  2.38E-04  1.13E-03  0.00E+00
   572.0    359.43   1.1880E+02  0.839  0.151  4.93E-03  1.19E-04  5.07E-03  2.39E-04  1.16E-03  0.00E+00
   571.0    360.23   1.1969E+02  0.839  0.151  4.93E-03  1.19E-04  5.19E-03  2.39E-04  1.19E-03  0.00E+00
   570.0    361.03   1.2059E+02  0.838  0.151  4.93E-03  1.19E-04  5.31E-03  2.39E-04  1.22E-03  0.00E+00
   569.0    361.83   1.2150E+02  0.838  0.151  4.93E-03  1.20E-04  5.44E-03  2.39E-04  1.25E-03  0.00E+00
   568.0    362.63   1.2241E+02  0.838  0.151  4.93E-03  1.20E-04  5.57E-03  2.39E-04  1.28E-03  0.00E+00
   567.0    363.43   1.2333E+02  0.838  0.151  4.93E-03  1.20E-04  5.70E-03  2.39E-04  1.31E-03  0.00E+00
   566.0    364.24   1.2425E+02  0.838  0.151  4.93E-03  1.20E-04  5.83E-03  2.39E-04  1.34E-03  0.00E+00
   565.0    365.04   1.2518E+02  0.838  0.151  4.93E-03  1.20E-04  5.96E-03  2.39E-04  1.38E-03  0.00E+00
   564.0    365.84   1.2612E+02  0.838  0.151  4.93E-03  1.20E-04  6.10E-03  2.39E-04  1.41E-03  0.00E+00
   563.0    366.65   1.2706E+02  0.838  0.151  4.93E-03  1.21E-04  6.24E-03  2.40E-04  1.44E-03  0.00E+00
   562.0    367.45   1.2800E+02  0.838  0.151  4.93E-03  1.21E-04  6.38E-03  2.40E-04  1.48E-03  0.00E+00
   561.0    368.26   1.2895E+02  0.837  0.151  4.93E-03  1.21E-04  6.53E-03  2.40E-04  1.51E-03  0.00E+00
   560.0    369.06   1.2991E+02  0.837  0.151  4.93E-03  1.21E-04  6.67E-03  2.40E-04  1.55E-03  0.00E+00
   559.0    369.87   1.3087E+02  0.837  0.151  4.93E-03  1.21E-04  6.82E-03  2.40E-04  1.59E-03  0.00E+00
   558.0    370.68   1.3184E+02  0.837  0.151  4.93E-03  1.22E-04  6.98E-03  2.40E-04  1.62E-03  0.00E+00
   557.0    371.49   1.3282E+02  0.837  0.151  4.93E-03  1.22E-04  7.13E-03  2.40E-04  1.66E-03  0.00E+00
   556.0    372.30   1.3380E+02  0.837  0.151  4.93E-03  1.22E-04  7.29E-03  2.40E-04  1.70E-03  0.00E+00
   555.0    373.11   1.3479E+02  0.837  0.151  4.93E-03  1.22E-04  7.45E-03  2.40E-04  1.74E-03  0.00E+00
   554.0    373.92   1.3578E+02  0.836  0.151  4.93E-03  1.22E-04  7.61E-03  2.41E-04  1.78E-03  0.00E+00
   553.0    374.73   1.3678E+02  0.836  0.151  4.93E-03  1.22E-04  7.77E-03  2.41E-04  1.82E-03  0.00E+00
   552.0    375.54   1.3779E+02  0.836  0.151  4.93E-03  1.23E-04  7.94E-03  2.41E-04  1.87E-03  0.00E+00
   551.0    376.35   1.3880E+02  0.836  0.150  4.93E-03  1.23E-04  8.11E-03  2.41E-04  1.91E-03  0.00E+00
   550.0    377.17   1.3982E+02  0.836  0.150  4.93E-03  1.23E-04  8.29E-03  2.41E-04  1.95E-03  0.00E+00
   549.0    377.98   1.4084E+02  0.836  0.150  4.93E-03  1.23E-04  8.46E-03  2.41E-04  2.00E-03  0.00E+00
   548.0    378.80   1.4188E+02  0.836  0.150  4.93E-03  1.23E-04  8.64E-03  2.41E-04  2.04E-03  0.00E+00
   547.0    379.61   1.4291E+02  0.835  0.150  4.93E-03  1.24E-04  8.83E-03  2.41E-04  1.27E-03  0.00E+00
   546.0    380.43   1.4396E+02  0.835  0.150  4.93E-03  1.24E-04  8.94E-03  2.41E-04  0.00E+00  0.00E+00
   545.0    381.25   1.4501E+02  0.835  0.150  4.93E-03  1.24E-04  8.94E-03  2.41E-04  0.00E+00  0.00E+00
   544.0    382.06   1.4606E+02  0.835  0.150  4.93E-03  1.24E-04  8.94E-03  2.41E-04  0.00E+00  0.00E+00
   543.0    382.88   1.4712E+02  0.835  0.150  4.93E-03  1.24E-04  8.94E-03  2.41E-04  0.00E+00  0.00E+00
   542.0    383.70   1.4819E+02  0.835  0.150  4.93E-03  1.24E-04  8.94E-03  2.41E-04  0.00E+00  0.00E+00
   541.0    384.51   1.4926E+02  0.835  0.150  4.93E-03  1.24E-04  8.94E-03  2.41E-04  0.00E+00  0.00E+00
   540.0    385.33   1.5033E+02  0.835  0.150  4.93E-03  1.24E-04  8.94E-03  2.41E-04  0.00E+00  0.00E+00
   539.0    386.15   1.5142E+02  0.835  0.150  4.93E-03  1.24E-04  8.94E-03  2.41E-04  0.00E+00  0.00E+00
   538.0    386.96   1.5250E+02  0.835  0.150  4.93E-03  1.24E-04  8.94E-03  2.41E-04  0.00E+00  0.00E+00
   537.0    387.78   1.5360E+02  0.835  0.150  4.93E-03  1.24E-04  8.94E-03  2.41E-04  0.00E+00  0.00E+00
   536.0    388.60   1.5470E+02  0.835  0.150  4.93E-03  1.24E-04  8.94E-03  2.41E-04  0.00E+00  0.00E+00
   535.0    389.41   1.5580E+02  0.835  0.150  4.93E-03  1.24E-04  8.94E-03  2.41E-04  0.00E+00  0.00E+00
   534.0    390.23   1.5691E+02  0.835  0.150  4.93E-03  1.24E-04  8.94E-03  2.41E-04  0.00E+00  0.00E+00
   533.0    391.05   1.5802E+02  0.835  0.150  4.93E-03  1.24E-04  8.94E-03  2.41E-04  0.00E+00  0.00E+00
   532.0    391.86   1.5914E+02  0.835  0.150  4.93E-03  1.24E-04  8.94E-03  2.41E-04  0.00E+00  0.00E+00
   531.0    392.68   1.6027E+02  0.835  0.150  4.93E-03  1.24E-04  8.94E-03  2.41E-04  0.00E+00  0.00E+00
   530.0    393.50   1.6140E+02  0.835  0.150  4.93E-03  1.24E-04  8.94E-03  2.41E-04  0.00E+00  0.00E+00
   529.0    394.31   1.6254E+02  0.835  0.150  4.93E-03  1.24E-04  8.94E-03  2.41E-04  0.00E+00  0.00E+00
   528.0    395.13   1.6368E+02  0.835  0.150  4.93E-03  1.24E-04  8.94E-03  2.41E-04  0.00E+00  0.00E+00
   527.0    395.95   1.6483E+02  0.835  0.150  4.93E-03  1.24E-04  8.94E-03  2.41E-04  0.00E+00  0.00E+00
   526.0    396.76   1.6599E+02  0.835  0.150  4.93E-03  1.24E-04  8.94E-03  2.41E-04  0.00E+00  0.00E+00
   525.0    397.58   1.6715E+02  0.835  0.150  4.93E-03  1.24E-04  8.94E-03  2.41E-04  0.00E+00  0.00E+00
   524.0    398.40   1.6831E+02  0.835  0.150  4.93E-03  1.24E-04  8.94E-03  2.41E-04  0.00E+00  0.00E+00
   523.0    399.21   1.6948E+02  0.835  0.150  4.93E-03  1.24E-04  8.94E-03  2.41E-04  0.00E+00  0.00E+00
   522.0    400.03   1.7066E+02  0.835  0.150  4.93E-03  1.24E-04  8.94E-03  2.41E-04  0.00E+00  0.00E+00
   521.0    400.84   1.7184E+02  0.835  0.150  4.93E-03  1.24E-04  8.94E-03  2.41E-04  0.00E+00  0.00E+00
   520.0    401.66   1.7303E+02  0.835  0.150  4.93E-03  1.24E-04  8.94E-03  2.41E-04  0.00E+00  0.00E+00
   519.0    402.48   1.7423E+02  0.835  0.150  4.93E-03  1.24E-04  8.94E-03  2.41E-04  0.00E+00  0.00E+00
   518.0    403.29   1.7543E+02  0.835  0.150  4.93E-03  1.24E-04  8.94E-03  2.41E-04  0.00E+00  0.00E+00
   517.0    404.11   1.7663E+02  0.835  0.150  4.93E-03  1.24E-04  8.94E-03  2.41E-04  0.00E+00  0.00E+00
   516.0    404.93   1.7785E+02  0.835  0.150  4.93E-03  1.24E-04  8.94E-03  2.41E-04  0.00E+00  0.00E+00
   515.0    405.74   1.7906E+02  0.835  0.150  4.93E-03  1.24E-04  8.94E-03  2.41E-04  0.00E+00  0.00E+00
   514.0    406.56   1.8029E+02  0.835  0.150  4.93E-03  1.24E-04  8.94E-03  2.41E-04  0.00E+00  0.00E+00
   513.0    407.37   1.8152E+02  0.835  0.150  4.93E-03  1.24E-04  8.94E-03  2.41E-04  0.00E+00  0.00E+00
   512.0    408.19   1.8275E+02  0.835  0.150  4.93E-03  1.24E-04  8.94E-03  2.41E-04  0.00E+00  0.00E+00
   511.0    409.01   1.8399E+02  0.835  0.150  4.93E-03  1.24E-04  8.94E-03  2.41E-04  0.00E+00  0.00E+00
   510.0    409.82   1.8524E+02  0.835  0.150  4.93E-03  1.24E-04  8.94E-03  2.41E-04  0.00E+00  0.00E+00
   509.0    410.64   1.8650E+02  0.835  0.150  4.93E-03  1.24E-04  8.94E-03  2.41E-04  0.00E+00  0.00E+00
   508.0    411.46   1.8775E+02  0.835  0.150  4.93E-03  1.24E-04  8.94E-03  2.41E-04  0.00E+00  0.00E+00
   507.0    412.27   1.8902E+02  0.835  0.150  4.93E-03  1.24E-04  8.94E-03  2.41E-04  0.00E+00  0.00E+00
   506.0    413.09   1.9029E+02  0.835  0.150  4.93E-03  1.24E-04  8.94E-03  2.41E-04  0.00E+00  0.00E+00
   505.0    413.90   1.9157E+02  0.835  0.150  4.93E-03  1.24E-04  8.94E-03  2.41E-04  0.00E+00  0.00E+00
   504.0    414.72   1.9285E+02  0.835  0.150  4.93E-03  1.24E-04  8.94E-03  2.41E-04  0.00E+00  0.00E+00
   503.0    415.54   1.9414E+02  0.835  0.150  4.93E-03  1.24E-04  8.94E-03  2.41E-04  0.00E+00  0.00E+00
   502.0    416.35   1.9544E+02  0.835  0.150  4.93E-03  1.24E-04  8.94E-03  2.41E-04  0.00E+00  0.00E+00
   501.0    417.17   1.9674E+02  0.835  0.150  4.93E-03  1.24E-04  8.94E-03  2.41E-04  0.00E+00  0.00E+00
   500.0    417.98   1.9805E+02  0.835  0.150  4.93E-03  1.24E-04  8.94E-03  2.41E-04  0.00E+00  0.00E+00
   499.0    418.80   1.9936E+02  0.835  0.150  4.93E-03  1.24E-04  8.94E-03  2.41E-04  0.00E+00  0.00E+00
   498.0    419.62   2.0068E+02  0.835  0.150  4.93E-03  1.24E-04  8.94E-03  2.41E-04  0.00E+00  0.00E+00
   497.0    420.43   2.0201E+02  0.835  0.150  4.93E-03  1.24E-04  8.94E-03  2.41E-04  0.00E+00  0.00E+00
   496.0    421.25   2.0334E+02  0.835  0.150  4.93E-03  1.24E-04  8.94E-03  2.41E-04  0.00E+00  0.00E+00
   495.0    422.06   2.0468E+02  0.835  0.150  4.93E-03  1.24E-04  8.94E-03  2.41E-04  0.00E+00  0.00E+00
   494.0    422.88   2.0602E+02  0.835  0.150  4.93E-03  1.24E-04  8.94E-03  2.41E-04  0.00E+00  0.00E+00
   493.0    423.70   2.0737E+02  0.835  0.150  4.93E-03  1.24E-04  8.94E-03  2.41E-04  0.00E+00  0.00E+00
   492.0    424.51   2.0873E+02  0.835  0.150  4.93E-03  1.24E-04  8.94E-03  2.41E-04  0.00E+00  0.00E+00
   491.0    425.33   2.1009E+02  0.835  0.150  4.93E-03  1.24E-04  8.94E-03  2.41E-04  0.00E+00  0.00E+00
   490.0    426.14   2.1146E+02  0.835  0.150  4.93E-03  1.24E-04  8.94E-03  2.41E-04  0.00E+00  0.00E+00
   489.0    426.96   2.1284E+02  0.835  0.150  4.93E-03  1.24E-04  8.94E-03  2.41E-04  0.00E+00  0.00E+00
   488.0    427.78   2.1422E+02  0.835  0.150  4.93E-03  1.24E-04  8.94E-03  2.41E-04  0.00E+00  0.00E+00
   487.0    428.59   2.1561E+02  0.835  0.150  4.93E-03  1.24E-04  8.94E-03  2.41E-04  0.00E+00  0.00E+00
   486.0    429.41   2.1700E+02  0.835  0.150  4.93E-03  1.24E-04  8.94E-03  2.41E-04  0.00E+00  0.00E+00
   485.0    430.22   2.1840E+02  0.835  0.150  4.93E-03  1.24E-04  8.94E-03  2.41E-04  0.00E+00  0.00E+00
   484.0    431.04   2.1981E+02  0.835  0.150  4.93E-03  1.24E-04  8.94E-03  2.41E-04  0.00E+00  0.00E+00
   483.0    431.86   2.2123E+02  0.835  0.150  4.93E-03  1.24E-04  8.94E-03  2.41E-04  0.00E+00  0.00E+00
   482.0    432.67   2.2265E+02  0.835  0.150  4.93E-03  1.24E-04  8.94E-03  2.41E-04  0.00E+00  0.00E+00
   481.0    433.49   2.2407E+02  0.835  0.150  4.93E-03  1.24E-04  8.94E-03  2.41E-04  0.00E+00  0.00E+00
   480.0    434.30   2.2551E+02  0.835  0.150  4.93E-03  1.24E-04  8.94E-03  2.41E-04  0.00E+00  0.00E+00
   479.0    435.12   2.2694E+02  0.835  0.150  4.93E-03  1.24E-04  8.94E-03  2.41E-04  0.00E+00  0.00E+00
   478.0    435.93   2.2839E+02  0.835  0.150  4.93E-03  1.24E-04  8.94E-03  2.41E-04  0.00E+00  0.00E+00
   477.0    436.75   2.2984E+02  0.835  0.150  4.93E-03  1.24E-04  8.94E-03  2.41E-04  0.00E+00  0.00E+00
   476.0    437.57   2.3130E+02  0.835  0.150  4.93E-03  1.24E-04  8.94E-03  2.41E-04  0.00E+00  0.00E+00
   475.0    438.38   2.3277E+02  0.835  0.150  4.93E-03  1.24E-04  8.94E-03  2.41E-04  0.00E+00  0.00E+00
   474.0    439.20   2.3424E+02  0.835  0.150  4.93E-03  1.24E-04  8.94E-03  2.41E-04  0.00E+00  0.00E+00
   473.0    440.01   2.3572E+02  0.835  0.150  4.93E-03  1.24E-04  8.94E-03  2.41E-04  0.00E+00  0.00E+00
   472.0    440.83   2.3720E+02  0.835  0.150  4.93E-03  1.24E-04  8.94E-03  2.41E-04  0.00E+00  0.00E+00
   471.0    441.65   2.3870E+02  0.835  0.150  4.93E-03  1.24E-04  8.94E-03  2.41E-04  0.00E+00  0.00E+00
   470.0    442.46   2.4019E+02  0.835  0.150  4.93E-03  1.24E-04  8.94E-03  2.41E-04  0.00E+00  0.00E+00
   469.0    443.28   2.4170E+02  0.835  0.150  4.93E-03  1.24E-04  8.94E-03  2.41E-04  0.00E+00  0.00E+00
   468.0    444.09   2.4321E+02  0.835  0.150  4.93E-03  1.24E-04  8.94E-03  2.41E-04  0.00E+00  0.00E+00
   467.0    444.91   2.4473E+02  0.835  0.150  4.93E-03  1.24E-04  8.94E-03  2.41E-04  0.00E+00  0.00E+00
   466.0    445.72   2.4625E+02  0.835  0.150  4.93E-03  1.24E-04  8.94E-03  2.41E-04  0.00E+00  0.00E+00
   465.0    446.54   2.4779E+02  0.835  0.150  4.93E-03  1.24E-04  8.94E-03  2.41E-04  0.00E+00  0.00E+00
   464.0    447.36   2.4932E+02  0.835  0.150  4.93E-03  1.24E-04  8.94E-03  2.41E-04  0.00E+00  0.00E+00
   463.0    448.17   2.5087E+02  0.835  0.150  4.93E-03  1.24E-04  8.94E-03  2.41E-04  0.00E+00  0.00E+00
   462.0    448.99   2.5242E+02  0.835  0.150  4.93E-03  1.24E-04  8.94E-03  2.41E-04  0.00E+00  0.00E+00
   461.0    449.80   2.5398E+02  0.835  0.150  4.93E-03  1.24E-04  8.94E-03  2.41E-04  0.00E+00  0.00E+00
   460.0    450.62   2.5554E+02  0.835  0.150  4.93E-03  1.24E-04  8.94E-03  2.41E-04  0.00E+00  0.00E+00
   459.0    451.43   2.5712E+02  0.835  0.150  4.93E-03  1.24E-04  8.94E-03  2.41E-04  0.00E+00  0.00E+00
   458.0    452.25   2.5870E+02  0.835  0.150  4.93E-03  1.24E-04  8.94E-03  2.41E-04  0.00E+00  0.00E+00
   457.0    453.07   2.6028E+02  0.835  0.150  4.93E-03  1.24E-04  8.94E-03  2.41E-04  0.00E+00  0.00E+00
   456.0    453.88   2.6187E+02  0.835  0.150  4.93E-03  1.24E-04  8.94E-03  2.41E-04  0.00E+00  0.00E+00
   455.0    454.70   2.6347E+02  0.835  0.150  4.93E-03  1.24E-04  8.94E-03  2.41E-04  0.00E+00  0.00E+00
   454.0    455.51   2.6508E+02  0.835  0.150  4.93E-03  1.24E-04  8.94E-03  2.41E-04  0.00E+00  0.00E+00
   453.0    456.33   2.6669E+02  0.835  0.150  4.93E-03  1.24E-04  8.94E-03  2.41E-04  0.00E+00  0.00E+00
   452.0    457.14   2.6831E+02  0.835  0.150  4.93E-03  1.24E-04  8.94E-03  2.41E-04  0.00E+00  0.00E+00
   451.0    457.96   2.6994E+02  0.835  0.150  4.93E-03  1.24E-04  8.94E-03  2.41E-04  0.00E+00  0.00E+00
   450.0    458.77   2.7157E+02  0.835  0.150  4.93E-03  1.24E-04  8.94E-03  2.41E-04  0.00E+00  0.00E+00
   449.0    459.59   2.7322E+02  0.835  0.150  4.93E-03  1.24E-04  8.94E-03  2.41E-04  0.00E+00  0.00E+00
   448.0    460.41   2.7486E+02  0.835  0.150  4.93E-03  1.24E-04  8.94E-03  2.41E-04  0.00E+00  0.00E+00
   447.0    461.22   2.7652E+02  0.835  0.150  4.93E-03  1.24E-04  8.94E-03  2.41E-04  0.00E+00  0.00E+00
   446.0    462.04   2.7818E+02  0.835  0.150  4.93E-03  1.24E-04  8.94E-03  2.41E-04  0.00E+00  0.00E+00
   445.0    462.85   2.7985E+02  0.835  0.150  4.93E-03  1.24E-04  8.94E-03  2.41E-04  0.00E+00  0.00E+00
   444.0    463.67   2.8153E+02  0.835  0.150  4.93E-03  1.24E-04  8.94E-03  2.41E-04  0.00E+00  0.00E+00
   443.0    464.48   2.8321E+02  0.835  0.150  4.93E-03  1.24E-04  8.94E-03  2.41E-04  0.00E+00  0.00E+00
   442.0    465.30   2.8490E+02  0.835  0.150  4.93E-03  1.24E-04  8.94E-03  2.41E-04  0.00E+00  0.00E+00
   441.0    466.11   2.8660E+02  0.835  0.150  4.93E-03  1.24E-04  8.94E-03  2.41E-04  0.00E+00  0.00E+00
   440.0    466.93   2.8830E+02  0.835  0.150  4.93E-03  1.24E-04  8.94E-03  2.41E-04  0.00E+00  0.00E+00
   439.0    467.75   2.9001E+02  0.835  0.150  4.93E-03  1.24E-04  8.94E-03  2.41E-04  0.00E+00  0.00E+00
   438.0    468.56   2.9173E+02  0.835  0.150  4.93E-03  1.24E-04  8.94E-03  2.41E-04  0.00E+00  0.00E+00
   437.0    469.38   2.9346E+02  0.835  0.150  4.93E-03  1.24E-04  8.94E-03  2.41E-04  0.00E+00  0.00E+00
   436.0    470.19   2.9519E+02  0.835  0.150  4.93E-03  1.24E-04  8.94E-03  2.41E-04  0.00E+00  0.00E+00
   435.0    471.01   2.9693E+02  0.835  0.150  4.93E-03  1.24E-04  8.94E-03  2.41E-04  0.00E+00  0.00E+00
   434.0    471.82   2.9868E+02  0.835  0.150  4.93E-03  1.24E-04  8.94E-03  2.41E-04  0.00E+00  0.00E+00
   433.0    472.64   3.0043E+02  0.835  0.150  4.93E-03  1.24E-04  8.94E-03  2.41E-04  0.00E+00  0.00E+00
   432.0    473.45   3.0219E+02  0.835  0.150  4.93E-03  1.24E-04  8.94E-03  2.41E-04  0.00E+00  0.00E+00
   431.0    474.27   3.0396E+02  0.835  0.150  4.93E-03  1.24E-04  8.94E-03  2.41E-04  0.00E+00  0.00E+00
   430.0    475.09   3.0574E+02  0.835  0.150  4.93E-03  1.24E-04  8.94E-03  2.41E-04  0.00E+00  0.00E+00
   429.0    475.90   3.0752E+02  0.835  0.150  4.93E-03  1.24E-04  8.94E-03  2.41E-04  0.00E+00  0.00E+00
   428.0    476.72   3.0931E+02  0.835  0.150  4.93E-03  1.24E-04  8.94E-03  2.41E-04  0.00E+00  0.00E+00
   427.0    477.53   3.1111E+02  0.835  0.150  4.93E-03  1.24E-04  8.94E-03  2.41E-04  0.00E+00  0.00E+00
   426.0    478.35   3.1292E+02  0.835  0.150  4.93E-03  1.24E-04  8.94E-03  2.41E-04  0.00E+00  0.00E+00
   425.0    479.16   3.1473E+02  0.835  0.150  4.93E-03  1.24E-04  8.94E-03  2.41E-04  0.00E+00  0.00E+00
   424.0    479.98   3.1655E+02  0.835  0.150  4.93E-03  1.24E-04  8.94E-03  2.41E-04  0.00E+00  0.00E+00
   423.0    480.79   3.1838E+02  0.835  0.150  4.93E-03  1.24E-04  8.94E-03  2.41E-04  0.00E+00  0.00E+00
   422.0    481.61   3.2022E+02  0.835  0.150  4.93E-03  1.24E-04  8.94E-03  2.41E-04  0.00E+00  0.00E+00
   421.0    482.42   3.2206E+02  0.835  0.150  4.93E-03  1.24E-04  8.94E-03  2.41E-04  0.00E+00  0.00E+00
   420.0    483.24   3.2391E+02  0.835  0.150  4.93E-03  1.24E-04  8.94E-03  2.41E-04  0.00E+00  0.00E+00
   419.0    484.06   3.2577E+02  0.835  0.150  4.93E-03  1.24E-04  8.94E-03  2.41E-04  0.00E+00  0.00E+00
   418.0    484.87   3.2763E+02  0.835  0.150  4.93E-03  1.24E-04  8.94E-03  2.41E-04  0.00E+00  0.00E+00
   417.0    485.69   3.2951E+02  0.835  0.150  4.93E-03  1.24E-04  8.94E-03  2.41E-04  0.00E+00  0.00E+00
   416.0    486.50   3.3139E+02  0.835  0.150  4.93E-03  1.24E-04  8.94E-03  2.41E-04  0.00E+00  0.00E+00
   415.0    487.32   3.3328E+02  0.835  0.150  4.93E-03  1.24E-04  8.94E-03  2.41E-04  0.00E+00  0.00E+00
   414.0    488.13   3.3517E+02  0.835  0.150  4.93E-03  1.24E-04  8.94E-03  2.41E-04  0.00E+00  0.00E+00
   413.0    488.95   3.3707E+02  0.835  0.150  4.93E-03  1.24E-04  8.94E-03  2.41E-04  0.00E+00  0.00E+00
   412.0    489.76   3.3898E+02  0.835  0.150  4.93E-03  1.24E-04  8.94E-03  2.41E-04  0.00E+00  0.00E+00
   411.0    490.58   3.4090E+02  0.835  0.150  4.93E-03  1.24E-04  8.94E-03  2.41E-04  0.00E+00  0.00E+00
   410.0    491.39   3.4283E+02  0.835  0.150  4.93E-03  1.24E-04  8.94E-03  2.41E-04  0.00E+00  0.00E+00
   409.0    492.21   3.4476E+02  0.835  0.150  4.93E-03  1.24E-04  8.94E-03  2.41E-04  0.00E+00  0.00E+00
   408.0    493.03   3.4670E+02  0.835  0.150  4.93E-03  1.24E-04  8.94E-03  2.41E-04  0.00E+00  0.00E+00
   407.0    493.84   3.4865E+02  0.835  0.150  4.93E-03  1.24E-04  8.94E-03  2.41E-04  0.00E+00  0.00E+00
   406.0    494.66   3.5061E+02  0.835  0.150  4.93E-03  1.24E-04  8.94E-03  2.41E-04  0.00E+00  0.00E+00
   405.0    495.47   3.5258E+02  0.835  0.150  4.93E-03  1.24E-04  8.94E-03  2.41E-04  0.00E+00  0.00E+00
   404.0    496.29   3.5455E+02  0.835  0.150  4.93E-03  1.24E-04  8.94E-03  2.41E-04  0.00E+00  0.00E+00
   403.0    497.10   3.5653E+02  0.835  0.150  4.93E-03  1.24E-04  8.94E-03  2.41E-04  0.00E+00  0.00E+00
   402.0    497.92   3.5852E+02  0.835  0.150  4.93E-03  1.24E-04  8.94E-03  2.41E-04  0.00E+00  0.00E+00
   401.0    498.73   3.6051E+02  0.835  0.150  4.93E-03  1.24E-04  8.94E-03  2.41E-04  0.00E+00  0.00E+00
   400.0    499.55   3.6251E+02  0.835  0.150  4.93E-03  1.24E-04  8.94E-03  2.41E-04  0.00E+00  0.00E+00
   399.0    500.36   3.6453E+02  0.835  0.150  4.93E-03  1.24E-04  8.94E-03  2.41E-04  0.00E+00  0.00E+00
   398.0    501.18   3.6655E+02  0.835  0.150  4.93E-03  1.24E-04  8.94E-03  2.41E-04  0.00E+00  0.00E+00
   397.0    501.99   3.6857E+02  0.835  0.150  4.93E-03  1.24E-04  8.94E-03  2.41E-04  0.00E+00  0.00E+00
   396.0    502.81   3.7061E+02  0.835  0.150  4.93E-03  1.24E-04  8.94E-03  2.41E-04  0.00E+00  0.00E+00
   395.0    503.62   3.7265E+02  0.835  0.150  4.93E-03  1.24E-04  8.94E-03  2.41E-04  0.00E+00  0.00E+00
   394.0    504.44   3.7470E+02  0.835  0.150  4.93E-03  1.24E-04  8.94E-03  2.41E-04  0.00E+00  0.00E+00
   393.0    505.25   3.7676E+02  0.835  0.150  4.93E-03  1.24E-04  8.94E-03  2.41E-04  0.00E+00  0.00E+00
   392.0    506.07   3.7883E+02  0.835  0.150  4.93E-03  1.24E-04  8.94E-03  2.41E-04  0.00E+00  0.00E+00
   391.0    506.89   3.8090E+02  0.835  0.150  4.93E-03  1.24E-04  8.94E-03  2.41E-04  0.00E+00  0.00E+00
   390.0    507.70   3.8298E+02  0.835  0.150  4.93E-03  1.24E-04  8.94E-03  2.41E-04  0.00E+00  0.00E+00
   389.0    508.52   3.8507E+02  0.835  0.150  4.93E-03  1.24E-04  8.94E-03  2.41E-04  0.00E+00  0.00E+00
   388.0    509.33   3.8717E+02  0.835  0.150  4.93E-03  1.24E-04  8.94E-03  2.41E-04  0.00E+00  0.00E+00
   387.0    510.15   3.8928E+02  0.835  0.150  4.93E-03  1.24E-04  8.94E-03  2.41E-04  0.00E+00  0.00E+00
   386.0    510.96   3.9140E+02  0.835  0.150  4.93E-03  1.24E-04  8.94E-03  2.41E-04  0.00E+00  0.00E+00
   385.0    511.78   3.9352E+02  0.835  0.150  4.93E-03  1.24E-04  8.94E-03  2.41E-04  0.00E+00  0.00E+00
   384.0    512.59   3.9565E+02  0.835  0.150  4.93E-03  1.24E-04  8.94E-03  2.41E-04  0.00E+00  0.00E+00
   383.0    513.41   3.9779E+02  0.835  0.150  4.93E-03  1.24E-04  8.94E-03  2.41E-04  0.00E+00  0.00E+00
   382.0    514.22   3.9994E+02  0.835  0.150  4.93E-03  1.24E-04  8.94E-03  2.41E-04  0.00E+00  0.00E+00
   381.0    515.04   4.0209E+02  0.835  0.150  4.93E-03  1.24E-04  8.94E-03  2.41E-04  0.00E+00  0.00E+00
   380.0    515.85   4.0426E+02  0.835  0.150  4.93E-03  1.24E-04  8.94E-03  2.41E-04  0.00E+00  0.00E+00
   379.0    516.67   4.0643E+02  0.835  0.150  4.93E-03  1.24E-04  8.94E-03  2.41E-04  0.00E+00  0.00E+00
   378.0    517.48   4.0861E+02  0.835  0.150  4.93E-03  1.24E-04  8.94E-03  2.41E-04  0.00E+00  0.00E+00
   377.0    518.30   4.1080E+02  0.835  0.150  4.93E-03  1.24E-04  8.94E-03  2.41E-04  0.00E+00  0.00E+00
   376.0    519.11   4.1299E+02  0.835  0.150  4.93E-03  1.24E-04  8.94E-03  2.41E-04  0.00E+00  0.00E+00
   375.0    519.93   4.1520E+02  0.835  0.150  4.93E-03  1.24E-04  8.94E-03  2.41E-04  0.00E+00  0.00E+00
   374.0    520.74   4.1741E+02  0.835  0.150  4.93E-03  1.24E-04  8.94E-03  2.41E-04  0.00E+00  0.00E+00
   373.0    521.56   4.1963E+02  0.835  0.150  4.93E-03  1.24E-04  8.94E-03  2.41E-04  0.00E+00  0.00E+00
   372.0    522.37   4.2186E+02  0.835  0.150  4.93E-03  1.24E-04  8.94E-03  2.41E-04  0.00E+00  0.00E+00
   371.0    523.19   4.2410E+02  0.835  0.150  4.93E-03  1.24E-04  8.94E-03  2.41E-04  0.00E+00  0.00E+00
   370.0    524.00   4.2635E+02  0.835  0.150  4.93E-03  1.24E-04  8.94E-03  2.41E-04  0.00E+00  0.00E+00
   369.0    524.82   4.2860E+02  0.835  0.150  4.93E-03  1.24E-04  8.94E-03  2.41E-04  0.00E+00  0.00E+00
   368.0    525.64   4.3086E+02  0.835  0.150  4.93E-03  1.24E-04  8.94E-03  2.41E-04  0.00E+00  0.00E+00
   367.0    526.45   4.3314E+02  0.835  0.150  4.93E-03  1.24E-04  8.94E-03  2.41E-04  0.00E+00  0.00E+00
   366.0    527.27   4.3542E+02  0.835  0.150  4.93E-03  1.24E-04  8.94E-03  2.41E-04  0.00E+00  0.00E+00
   365.0    528.08   4.3770E+02  0.835  0.150  4.93E-03  1.24E-04  8.94E-03  2.41E-04  0.00E+00  0.00E+00
   364.0    528.90   4.4000E+02  0.835  0.150  4.93E-03  1.24E-04  8.94E-03  2.41E-04  0.00E+00  0.00E+00
   363.0    529.71   4.4231E+02  0.835  0.150  4.93E-03  1.24E-04  8.94E-03  2.41E-04  0.00E+00  0.00E+00
   362.0    530.53   4.4462E+02  0.835  0.150  4.93E-03  1.24E-04  8.94E-03  2.41E-04  0.00E+00  0.00E+00
   361.0    531.34   4.4694E+02  0.835  0.150  4.93E-03  1.24E-04  8.94E-03  2.41E-04  0.00E+00  0.00E+00
   360.0    532.16   4.4928E+02  0.835  0.150  4.93E-03  1.24E-04  8.94E-03  2.41E-04  0.00E+00  0.00E+00
   359.0    532.97   4.5162E+02  0.835  0.150  4.93E-03  1.24E-04  8.94E-03  2.41E-04  0.00E+00  0.00E+00
   358.0    533.79   4.5396E+02  0.835  0.150  4.93E-03  1.24E-04  8.94E-03  2.41E-04  0.00E+00  0.00E+00
   357.0    534.60   4.5632E+02  0.835  0.150  4.93E-03  1.24E-04  8.94E-03  2.41E-04  0.00E+00  0.00E+00
   356.0    535.42   4.5869E+02  0.835  0.150  4.93E-03  1.24E-04  8.94E-03  2.41E-04  0.00E+00  0.00E+00
   355.0    536.23   4.6106E+02  0.835  0.150  4.93E-03  1.24E-04  8.94E-03  2.41E-04  0.00E+00  0.00E+00
   354.0    537.05   4.6344E+02  0.835  0.150  4.93E-03  1.24E-04  8.94E-03  2.41E-04  0.00E+00  0.00E+00
   353.0    537.86   4.6583E+02  0.835  0.150  4.93E-03  1.24E-04  8.94E-03  2.41E-04  0.00E+00  0.00E+00
   352.0    538.68   4.6823E+02  0.835  0.150  4.93E-03  1.24E-04  8.94E-03  2.41E-04  0.00E+00  0.00E+00
   351.0    539.49   4.7064E+02  0.835  0.150  4.93E-03  1.24E-04  8.94E-03  2.41E-04  0.00E+00  0.00E+00
   350.0    540.31   4.7306E+02  0.835  0.150  4.93E-03  1.24E-04  8.94E-03  2.41E-04  0.00E+00  0.00E+00
   349.0    541.12   4.7549E+02  0.835  0.150  4.93E-03  1.24E-04  8.94E-03  2.41E-04  0.00E+00  0.00E+00
   348.0    541.94   4.7792E+02  0.835  0.150  4.93E-03  1.24E-04  8.94E-03  2.41E-04  0.00E+00  0.00E+00
   347.0    542.75   4.8037E+02  0.835  0.150  4.93E-03  1.24E-04  8.94E-03  2.41E-04  0.00E+00  0.00E+00
   346.0    543.57   4.8282E+02  0.835  0.150  4.93E-03  1.24E-04  8.94E-03  2.41E-04  0.00E+00  0.00E+00
   345.0    544.38   4.8528E+02  0.835  0.150  4.93E-03  1.24E-04  8.94E-03  2.41E-04  0.00E+00  0.00E+00
   344.0    545.20   4.8775E+02  0.835  0.150  4.93E-03  1.24E-04  8.94E-03  2.41E-04  0.00E+00  0.00E+00
   343.0    546.01   4.9023E+02  0.835  0.150  4.93E-03  1.24E-04  8.94E-03  2.41E-04  0.00E+00  0.00E+00
   342.0    546.83   4.9272E+02  0.835  0.150  4.93E-03  1.24E-04  8.94E-03  2.41E-04  0.00E+00  0.00E+00
   341.0    547.64   4.9522E+02  0.835  0.150  4.93E-03  1.24E-04  8.94E-03  2.41E-04  0.00E+00  0.00E+00
   340.0    548.46   4.9772E+02  0.835  0.150  4.93E-03  1.24E-04  8.94E-03  2.41E-04  0.00E+00  0.00E+00
   339.0    549.27   5.0024E+02  0.835  0.150  4.93E-03  1.24E-04  8.94E-03  2.41E-04  0.00E+00  0.00E+00
   338.0    550.09   5.0276E+02  0.835  0.150  4.93E-03  1.24E-04  8.94E-03  2.41E-04  0.00E+00  0.00E+00
   337.0    550.90   5.0529E+02  0.835  0.150  4.93E-03  1.24E-04  8.94E-03  2.41E-04  0.00E+00  0.00E+00
   336.0    551.72   5.0783E+02  0.835  0.150  4.93E-03  1.24E-04  8.94E-03  2.41E-04  0.00E+00  0.00E+00
   335.0    552.53   5.1038E+02  0.835  0.150  4.93E-03  1.24E-04  8.94E-03  2.41E-04  0.00E+00  0.00E+00
   334.0    553.35   5.1294E+02  0.835  0.150  4.93E-03  1.24E-04  8.94E-03  2.41E-04  0.00E+00  0.00E+00
   333.0    554.16   5.1551E+02  0.835  0.150  4.93E-03  1.24E-04  8.94E-03  2.41E-04  0.00E+00  0.00E+00
   332.0    554.98   5.1809E+02  0.835  0.150  4.93E-03  1.24E-04  8.94E-03  2.41E-04  0.00E+00  0.00E+00
   331.0    555.79   5.2068E+02  0.835  0.150  4.93E-03  1.24E-04  8.94E-03  2.41E-04  0.00E+00  0.00E+00
   330.0    556.60   5.2327E+02  0.835  0.150  4.93E-03  1.24E-04  8.94E-03  2.41E-04  0.00E+00  0.00E+00
   329.0    557.42   5.2588E+02  0.835  0.150  4.93E-03  1.24E-04  8.94E-03  2.41E-04  0.00E+00  0.00E+00
   328.0    558.23   5.2849E+02  0.835  0.150  4.93E-03  1.24E-04  8.94E-03  2.41E-04  0.00E+00  0.00E+00
   327.0    559.05   5.3112E+02  0.835  0.150  4.93E-03  1.24E-04  8.94E-03  2.41E-04  0.00E+00  0.00E+00
   326.0    559.86   5.3375E+02  0.835  0.150  4.93E-03  1.24E-04  8.94E-03  2.41E-04  0.00E+00  0.00E+00
   325.0    560.68   5.3639E+02  0.835  0.150  4.93E-03  1.24E-04  8.94E-03  2.41E-04  0.00E+00  0.00E+00
   324.0    561.49   5.3904E+02  0.835  0.150  4.93E-03  1.24E-04  8.94E-03  2.41E-04  0.00E+00  0.00E+00
   323.0    562.31   5.4170E+02  0.835  0.150  4.93E-03  1.24E-04  8.94E-03  2.41E-04  0.00E+00  0.00E+00
   322.0    563.12   5.4437E+02  0.835  0.150  4.93E-03  1.24E-04  8.94E-03  2.41E-04  0.00E+00  0.00E+00
   321.0    563.94   5.4705E+02  0.835  0.150  4.93E-03  1.24E-04  8.94E-03  2.41E-04  0.00E+00  0.00E+00
   320.0    564.75   5.4974E+02  0.835  0.150  4.93E-03  1.24E-04  8.94E-03  2.41E-04  0.00E+00  0.00E+00
   319.0    565.57   5.5244E+02  0.835  0.150  4.93E-03  1.24E-04  8.94E-03  2.41E-04  0.00E+00  0.00E+00
   318.0    566.38   5.5514E+02  0.835  0.150  4.93E-03  1.24E-04  8.94E-03  2.41E-04  0.00E+00  0.00E+00
   317.0    567.20   5.5786E+02  0.835  0.150  4.93E-03  1.24E-04  8.94E-03  2.41E-04  0.00E+00  0.00E+00
   316.0    568.01   5.6058E+02  0.835  0.150  4.93E-03  1.24E-04  8.94E-03  2.41E-04  0.00E+00  0.00E+00
   315.0    568.83   5.6332E+02  0.835  0.150  4.93E-03  1.24E-04  8.94E-03  2.41E-04  0.00E+00  0.00E+00
   314.0    569.64   5.6606E+02  0.835  0.150  4.93E-03  1.24E-04  8.94E-03  2.41E-04  0.00E+00  0.00E+00
   313.0    570.46   5.6882E+02  0.835  0.150  4.93E-03  1.24E-04  8.94E-03  2.41E-04  0.00E+00  0.00E+00
   312.0    571.27   5.7158E+02  0.835  0.150  4.93E-03  1.24E-04  8.94E-03  2.41E-04  0.00E+00  0.00E+00
   311.0    572.09   5.7435E+02  0.835  0.150  4.93E-03  1.24E-04  8.94E-03  2.41E-04  0.00E+00  0.00E+00
   310.0    572.90   5.7713E+02  0.835  0.150  4.93E-03  1.24E-04  8.94E-03  2.41E-04  0.00E+00  0.00E+00
   309.0    573.72   5.7993E+02  0.835  0.150  4.93E-03  1.24E-04  8.94E-03  2.41E-04  0.00E+00  0.00E+00
   308.0    574.53   5.8273E+02  0.835  0.150  4.93E-03  1.24E-04  8.94E-03  2.41E-04  0.00E+00  0.00E+00
   307.0    575.34   5.8554E+02  0.835  0.150  4.93E-03  1.24E-04  8.94E-03  2.41E-04  0.00E+00  0.00E+00
   306.0    576.16   5.8836E+02  0.835  0.150  4.93E-03  1.24E-04  8.94E-03  2.41E-04  0.00E+00  0.00E+00
   305.0    576.97   5.9119E+02  0.835  0.150  4.93E-03  1.24E-04  8.94E-03  2.41E-04  0.00E+00  0.00E+00
   304.0    577.79   5.9403E+02  0.835  0.150  4.93E-03  1.24E-04  8.94E-03  2.41E-04  0.00E+00  0.00E+00
   303.0    578.60   5.9688E+02  0.835  0.150  4.93E-03  1.24E-04  8.94E-03  2.41E-04  0.00E+00  0.00E+00
   302.0    579.42   5.9973E+02  0.835  0.150  4.93E-03  1.24E-04  8.94E-03  2.41E-04  0.00E+00  0.00E+00
   301.0    580.23   6.0260E+02  0.835  0.150  4.93E-03  1.24E-04  8.94E-03  2.41E-04  0.00E+00  0.00E+00
   300.0    581.05   6.0548E+02  0.835  0.150  4.93E-03  1.24E-04  8.94E-03  2.41E-04  0.00E+00  0.00E+00
   299.0    581.86   6.0837E+02  0.835  0.150  4.93E-03  1.24E-04  8.94E-03  2.41E-04  0.00E+00  0.00E+00
   298.0    582.68   6.1126E+02  0.835  0.150  4.93E-03  1.24E-04  8.94E-03  2.41E-04  0.00E+00  0.00E+00
   297.0    583.49   6.1417E+02  0.835  0.150  4.93E-03  1.24E-04  8.94E-03  2.41E-04  0.00E+00  0.00E+00
   296.0    584.31   6.1709E+02  0.835  0.150  4.93E-03  1.24E-04  8.94E-03  2.41E-04  0.00E+00  0.00E+00
   295.0    585.12   6.2001E+02  0.835  0.150  4.93E-03  1.24E-04  8.94E-03  2.41E-04  0.00E+00  0.00E+00
   294.0    585.93   6.2295E+02  0.835  0.150  4.93E-03  1.24E-04  8.94E-03  2.41E-04  0.00E+00  0.00E+00
   293.0    586.75   6.2590E+02  0.835  0.150  4.93E-03  1.24E-04  8.94E-03  2.41E-04  0.00E+00  0.00E+00
   292.0    587.56   6.2885E+02  0.835  0.150  4.93E-03  1.24E-04  8.94E-03  2.41E-04  0.00E+00  0.00E+00
   291.0    588.38   6.3182E+02  0.835  0.150  4.93E-03  1.24E-04  8.94E-03  2.41E-04  0.00E+00  0.00E+00
   290.0    589.19   6.3479E+02  0.835  0.150  4.93E-03  1.24E-04  8.94E-03  2.41E-04  0.00E+00  0.00E+00
   289.0    590.01   6.3778E+02  0.835  0.150  4.93E-03  1.24E-04  8.94E-03  2.41E-04  0.00E+00  0.00E+00
   288.0    590.82   6.4077E+02  0.835  0.150  4.93E-03  1.24E-04  8.94E-03  2.41E-04  0.00E+00  0.00E+00
   287.0    591.64   6.4378E+02  0.835  0.150  4.93E-03  1.24E-04  8.94E-03  2.41E-04  0.00E+00  0.00E+00
   286.0    592.45   6.4679E+02  0.835  0.150  4.93E-03  1.24E-04  8.94E-03  2.41E-04  0.00E+00  0.00E+00
   285.0    593.27   6.4982E+02  0.835  0.150  4.93E-03  1.24E-04  8.94E-03  2.41E-04  0.00E+00  0.00E+00
   284.0    594.08   6.5285E+02  0.835  0.150  4.93E-03  1.24E-04  8.94E-03  2.41E-04  0.00E+00  0.00E+00
   283.0    594.89   6.5590E+02  0.835  0.150  4.93E-03  1.24E-04  8.94E-03  2.41E-04  0.00E+00  0.00E+00
   282.0    595.71   6.5895E+02  0.835  0.150  4.93E-03  1.24E-04  8.94E-03  2.41E-04  0.00E+00  0.00E+00
   281.0    596.52   6.6202E+02  0.835  0.150  4.93E-03  1.24E-04  8.94E-03  2.41E-04  0.00E+00  0.00E+00
   280.0    597.34   6.6509E+02  0.835  0.150  4.93E-03  1.24E-04  8.94E-03  2.41E-04  0.00E+00  0.00E+00
   279.0    598.15   6.6818E+02  0.835  0.150  4.93E-03  1.24E-04  8.94E-03  2.41E-04  0.00E+00  0.00E+00
   278.0    598.97   6.7127E+02  0.835  0.150  4.93E-03  1.24E-04  8.94E-03  2.41E-04  0.00E+00  0.00E+00
   277.0    599.78   6.7438E+02  0.835  0.150  4.93E-03  1.24E-04  8.94E-03  2.41E-04  0.00E+00  0.00E+00
   276.0    600.60   6.7749E+02  0.835  0.150  4.93E-03  1.24E-04  8.94E-03  2.41E-04  0.00E+00  0.00E+00
   275.0    601.41   6.8062E+02  0.835  0.150  4.93E-03  1.24E-04  8.94E-03  2.41E-04  0.00E+00  0.00E+00
   274.0    602.22   6.8375E+02  0.835  0.150  4.93E-03  1.24E-04  8.94E-03  2.41E-04  0.00E+00  0.00E+00
   273.0    603.04   6.8690E+02  0.835  0.150  4.93E-03  1.24E-04  8.94E-03  2.41E-04  0.00E+00  0.00E+00
   272.0    603.85   6.9006E+02  0.835  0.150  4.93E-03  1.24E-04  8.94E-03  2.41E-04  0.00E+00  0.00E+00
   271.0    604.67   6.9322E+02  0.835  0.150  4.93E-03  1.24E-04  8.94E-03  2.41E-04  0.00E+00  0.00E+00
   270.0    605.48   6.9640E+02  0.835  0.150  4.93E-03  1.24E-04  8.94E-03  2.41E-04  0.00E+00  0.00E+00
   269.0    606.30   6.9959E+02  0.835  0.150  4.93E-03  1.24E-04  8.94E-03  2.41E-04  0.00E+00  0.00E+00
   268.0    607.11   7.0278E+02  0.835  0.150  4.93E-03  1.24E-04  8.94E-03  2.41E-04  0.00E+00  0.00E+00
   267.0    607.92   7.0599E+02  0.835  0.150  4.93E-03  1.24E-04  8.94E-03  2.41E-04  0.00E+00  0.00E+00
   266.0    608.74   7.0921E+02  0.835  0.150  4.93E-03  1.24E-04  8.94E-03  2.41E-04  0.00E+00  0.00E+00
   265.0    609.55   7.1244E+02  0.835  0.150  4.93E-03  1.24E-04  8.94E-03  2.41E-04  0.00E+00  0.00E+00
   264.0    610.37   7.1567E+02  0.835  0.150  4.93E-03  1.24E-04  8.94E-03  2.41E-04  0.00E+00  0.00E+00
   263.0    611.18   7.1892E+02  0.835  0.150  4.93E-03  1.24E-04  8.94E-03  2.41E-04  0.00E+00  0.00E+00
   262.0    612.00   7.2218E+02  0.835  0.150  4.93E-03  1.24E-04  8.94E-03  2.41E-04  0.00E+00  0.00E+00
   261.0    612.81   7.2545E+02  0.835  0.150  4.93E-03  1.24E-04  8.94E-03  2.41E-04  0.00E+00  0.00E+00
   260.0    613.62   7.2873E+02  0.835  0.150  4.93E-03  1.24E-04  8.94E-03  2.41E-04  0.00E+00  0.00E+00
   259.0    614.44   7.3202E+02  0.835  0.150  4.93E-03  1.24E-04  8.94E-03  2.41E-04  0.00E+00  0.00E+00
   258.0    615.25   7.3532E+02  0.835  0.150  4.93E-03  1.24E-04  8.94E-03  2.41E-04  0.00E+00  0.00E+00
   257.0    616.07   7.3863E+02  0.835  0.150  4.93E-03  1.24E-04  8.94E-03  2.41E-04  0.00E+00  0.00E+00
   256.0    616.88   7.4196E+02  0.835  0.150  4.93E-03  1.24E-04  8.94E-03  2.41E-04  0.00E+00  0.00E+00
   255.0    617.70   7.4529E+02  0.835  0.150  4.93E-03  1.24E-04  8.94E-03  2.41E-04  0.00E+00  0.00E+00
   254.0    618.51   7.4863E+02  0.835  0.150  4.93E-03  1.24E-04  8.94E-03  2.41E-04  0.00E+00  0.00E+00
   253.0    619.32   7.5199E+02  0.835  0.150  4.93E-03  1.24E-04  8.94E-03  2.41E-04  0.00E+00  0.00E+00
   252.0    620.14   7.5535E+02  0.835  0.150  4.93E-03  1.24E-04  8.94E-03  2.41E-04  0.00E+00  0.00E+00
   251.0    620.95   7.5872E+02  0.835  0.150  4.93E-03  1.24E-04  8.94E-03  2.41E-04  0.00E+00  0.00E+00
   250.0    621.77   7.6211E+02  0.835  0.150  4.93E-03  1.24E-04  8.94E-03  2.41E-04  0.00E+00  0.00E+00
   249.0    622.58   7.6551E+02  0.835  0.150  4.93E-03  1.24E-04  8.94E-03  2.41E-04  0.00E+00  0.00E+00
   248.0    623.40   7.6891E+02  0.835  0.150  4.93E-03  1.24E-04  8.94E-03  2.41E-04  0.00E+00  0.00E+00
   247.0    624.21   7.7233E+02  0.835  0.150  4.93E-03  1.24E-04  8.94E-03  2.41E-04  0.00E+00  0.00E+00
   246.0    625.02   7.7576E+02  0.835  0.150  4.93E-03  1.24E-04  8.94E-03  2.41E-04  0.00E+00  0.00E+00
   245.0    625.84   7.7920E+02  0.835  0.150  4.93E-03  1.24E-04  8.94E-03  2.41E-04  0.00E+00  0.00E+00
   244.0    626.65   7.8265E+02  0.835  0.150  4.93E-03  1.24E-04  8.94E-03  2.41E-04  0.00E+00  0.00E+00
   243.0    627.47   7.8611E+02  0.835  0.150  4.93E-03  1.24E-04  8.94E-03  2.41E-04  0.00E+00  0.00E+00
   242.0    628.28   7.8958E+02  0.835  0.150  4.93E-03  1.24E-04  8.94E-03  2.41E-04  0.00E+00  0.00E+00
   241.0    629.09   7.9306E+02  0.835  0.150  4.93E-03  1.24E-04  8.94E-03  2.41E-04  0.00E+00  0.00E+00
   240.0    629.91   7.9655E+02  0.835  0.150  4.93E-03  1.24E-04  8.94E-03  2.41E-04  0.00E+00  0.00E+00
   239.0    630.72   8.0005E+02  0.835  0.150  4.93E-03  1.24E-04  8.94E-03  2.41E-04  0.00E+00  0.00E+00
   238.0    631.54   8.0357E+02  0.835  0.150  4.93E-03  1.24E-04  8.94E-03  2.41E-04  0.00E+00  0.00E+00
   237.0    632.35   8.0709E+02  0.835  0.150  4.93E-03  1.24E-04  8.94E-03  2.41E-04  0.00E+00  0.00E+00
   236.0    633.16   8.1063E+02  0.835  0.150  4.93E-03  1.24E-04  8.94E-03  2.41E-04  0.00E+00  0.00E+00
   235.0    633.98   8.1418E+02  0.835  0.150  4.93E-03  1.24E-04  8.94E-03  2.41E-04  0.00E+00  0.00E+00
   234.0    634.79   8.1774E+02  0.835  0.150  4.93E-03  1.24E-04  8.94E-03  2.41E-04  0.00E+00  0.00E+00
   233.0    635.61   8.2130E+02  0.835  0.150  4.93E-03  1.24E-04  8.94E-03  2.41E-04  0.00E+00  0.00E+00
   232.0    636.42   8.2488E+02  0.835  0.150  4.93E-03  1.24E-04  8.94E-03  2.41E-04  0.00E+00  0.00E+00
   231.0    637.23   8.2848E+02  0.835  0.150  4.93E-03  1.24E-04  8.94E-03  2.41E-04  0.00E+00  0.00E+00
   230.0    638.05   8.3208E+02  0.835  0.150  4.93E-03  1.24E-04  8.94E-03  2.41E-04  0.00E+00  0.00E+00
   229.0    638.86   8.3569E+02  0.835  0.150  4.93E-03  1.24E-04  8.94E-03  2.41E-04  0.00E+00  0.00E+00
   228.0    639.68   8.3931E+02  0.835  0.150  4.93E-03  1.24E-04  8.94E-03  2.41E-04  0.00E+00  0.00E+00
   227.0    640.49   8.4295E+02  0.835  0.150  4.93E-03  1.24E-04  8.94E-03  2.41E-04  0.00E+00  0.00E+00
   226.0    641.30   8.4660E+02  0.835  0.150  4.93E-03  1.24E-04  8.94E-03  2.41E-04  0.00E+00  0.00E+00
   225.0    642.12   8.5025E+02  0.835  0.150  4.93E-03  1.24E-04  8.94E-03  2.41E-04  0.00E+00  0.00E+00
   224.0    642.93   8.5392E+02  0.835  0.150  4.93E-03  1.24E-04  8.94E-03  2.41E-04  0.00E+00  0.00E+00
   223.0    643.75   8.5760E+02  0.835  0.150  4.93E-03  1.24E-04  8.94E-03  2.41E-04  0.00E+00  0.00E+00
   222.0    644.56   8.6129E+02  0.835  0.150  4.93E-03  1.24E-04  8.94E-03  2.41E-04  0.00E+00  0.00E+00
   221.0    645.37   8.6499E+02  0.835  0.150  4.93E-03  1.24E-04  8.94E-03  2.41E-04  0.00E+00  0.00E+00
   220.0    646.19   8.6871E+02  0.835  0.150  4.93E-03  1.24E-04  8.94E-03  2.41E-04  0.00E+00  0.00E+00
   219.0    647.00   8.7243E+02  0.835  0.150  4.93E-03  1.24E-04  8.94E-03  2.41E-04  0.00E+00  0.00E+00
   218.0    647.82   8.7617E+02  0.835  0.150  4.93E-03  1.24E-04  8.94E-03  2.41E-04  0.00E+00  0.00E+00
   217.0    648.63   8.7991E+02  0.835  0.150  4.93E-03  1.24E-04  8.94E-03  2.41E-04  0.00E+00  0.00E+00
   216.0    649.44   8.8367E+02  0.835  0.150  4.93E-03  1.24E-04  8.94E-03  2.41E-04  0.00E+00  0.00E+00
   215.0    650.26   8.8744E+02  0.835  0.150  4.93E-03  1.24E-04  8.94E-03  2.41E-04  0.00E+00  0.00E+00
   214.0    651.07   8.9122E+02  0.835  0.150  4.93E-03  1.24E-04  8.94E-03  2.41E-04  0.00E+00  0.00E+00
   213.0    651.88   8.9502E+02  0.835  0.150  4.93E-03  1.24E-04  8.94E-03  2.41E-04  0.00E+00  0.00E+00
   212.0    652.70   8.9882E+02  0.835  0.150  4.93E-03  1.24E-04  8.94E-03  2.41E-04  0.00E+00  0.00E+00
   211.0    653.51   9.0263E+02  0.835  0.150  4.93E-03  1.24E-04  8.94E-03  2.41E-04  0.00E+00  0.00E+00
   210.0    654.33   9.0646E+02  0.835  0.150  4.93E-03  1.24E-04  8.94E-03  2.41E-04  0.00E+00  0.00E+00
   209.0    655.14   9.1030E+02  0.835  0.150  4.93E-03  1.24E-04  8.94E-03  2.41E-04  0.00E+00  0.00E+00
   208.0    655.95   9.1415E+02  0.835  0.150  4.93E-03  1.24E-04  8.94E-03  2.41E-04  0.00E+00  0.00E+00
   207.0    656.77   9.1801E+02  0.835  0.150  4.93E-03  1.24E-04  8.94E-03  2.41E-04  0.00E+00  0.00E+00
   206.0    657.58   9.2188E+02  0.835  0.150  4.93E-03  1.24E-04  8.94E-03  2.41E-04  0.00E+00  0.00E+00
   205.0    658.39   9.2576E+02  0.835  0.150  4.93E-03  1.24E-04  8.94E-03  2.41E-04  0.00E+00  0.00E+00
   204.0    659.21   9.2966E+02  0.835  0.150  4.93E-03  1.24E-04  8.94E-03  2.41E-04  0.00E+00  0.00E+00
   203.0    660.02   9.3357E+02  0.835  0.150  4.93E-03  1.24E-04  8.94E-03  2.41E-04  0.00E+00  0.00E+00
   202.0    660.84   9.3749E+02  0.835  0.150  4.93E-03  1.24E-04  8.94E-03  2.41E-04  0.00E+00  0.00E+00
   201.0    661.65   9.4142E+02  0.835  0.150  4.93E-03  1.24E-04  8.94E-03  2.41E-04  0.00E+00  0.00E+00
   200.0    662.46   9.4536E+02  0.835  0.150  4.93E-03  1.24E-04  8.94E-03  2.41E-04  0.00E+00  0.00E+00
   199.0    663.28   9.4931E+02  0.835  0.150  4.93E-03  1.24E-04  8.94E-03  2.41E-04  0.00E+00  0.00E+00
   198.0    664.09   9.5328E+02  0.835  0.150  4.93E-03  1.24E-04  8.94E-03  2.41E-04  0.00E+00  0.00E+00
   197.0    664.90   9.5725E+02  0.835  0.150  4.93E-03  1.24E-04  8.94E-03  2.41E-04  0.00E+00  0.00E+00
   196.0    665.72   9.6124E+02  0.835  0.150  4.93E-03  1.24E-04  8.94E-03  2.41E-04  0.00E+00  0.00E+00
   195.0    666.53   9.6524E+02  0.835  0.150  4.93E-03  1.24E-04  8.94E-03  2.41E-04  0.00E+00  0.00E+00
   194.0    667.34   9.6925E+02  0.835  0.150  4.93E-03  1.24E-04  8.94E-03  2.41E-04  0.00E+00  0.00E+00
   193.0    668.16   9.7328E+02  0.835  0.150  4.93E-03  1.24E-04  8.94E-03  2.41E-04  0.00E+00  0.00E+00
   192.0    668.97   9.7731E+02  0.835  0.150  4.93E-03  1.24E-04  8.94E-03  2.41E-04  0.00E+00  0.00E+00
   191.0    669.79   9.8136E+02  0.835  0.150  4.93E-03  1.24E-04  8.94E-03  2.41E-04  0.00E+00  0.00E+00
   190.0    670.60   9.8542E+02  0.835  0.150  4.93E-03  1.24E-04  8.94E-03  2.41E-04  0.00E+00  0.00E+00
   189.0    671.41   9.8949E+02  0.835  0.150  4.93E-03  1.24E-04  8.94E-03  2.41E-04  0.00E+00  0.00E+00
   188.0    672.23   9.9357E+02  0.835  0.150  4.93E-03  1.24E-04  8.94E-03  2.41E-04  0.00E+00  0.00E+00
   187.0    673.04   9.9767E+02  0.835  0.150  4.93E-03  1.24E-04  8.94E-03  2.41E-04  0.00E+00  0.00E+00
   186.0    673.85   1.0018E+03  0.835  0.150  4.93E-03  1.24E-04  8.94E-03  2.41E-04  0.00E+00  0.00E+00
   185.0    674.67   1.0059E+03  0.835  0.150  4.93E-03  1.24E-04  8.94E-03  2.41E-04  0.00E+00  0.00E+00
   184.0    675.48   1.0100E+03  0.835  0.150  4.93E-03  1.24E-04  8.94E-03  2.41E-04  0.00E+00  0.00E+00
   183.0    676.29   1.0142E+03  0.835  0.150  4.93E-03  1.24E-04  8.94E-03  2.41E-04  0.00E+00  0.00E+00
   182.0    677.11   1.0183E+03  0.835  0.150  4.93E-03  1.24E-04  8.94E-03  2.41E-04  0.00E+00  0.00E+00
   181.0    677.92   1.0225E+03  0.835  0.150  4.93E-03  1.24E-04  8.94E-03  2.41E-04  0.00E+00  0.00E+00
   180.0    678.73   1.0267E+03  0.835  0.150  4.93E-03  1.24E-04  8.94E-03  2.41E-04  0.00E+00  0.00E+00
   179.0    679.55   1.0309E+03  0.835  0.150  4.93E-03  1.24E-04  8.94E-03  2.41E-04  0.00E+00  0.00E+00
   178.0    680.36   1.0351E+03  0.835  0.150  4.93E-03  1.24E-04  8.94E-03  2.41E-04  0.00E+00  0.00E+00
   177.0    681.17   1.0393E+03  0.835  0.150  4.93E-03  1.24E-04  8.94E-03  2.41E-04  0.00E+00  0.00E+00
   176.0    681.99   1.0435E+03  0.835  0.150  4.93E-03  1.24E-04  8.94E-03  2.41E-04  0.00E+00  0.00E+00
   175.0    682.80   1.0477E+03  0.835  0.150  4.93E-03  1.24E-04  8.94E-03  2.41E-04  0.00E+00  0.00E+00
   174.0    683.61   1.0520E+03  0.835  0.150  4.93E-03  1.24E-04  8.94E-03  2.41E-04  0.00E+00  0.00E+00
   173.0    684.43   1.0562E+03  0.835  0.150  4.93E-03  1.24E-04  8.94E-03  2.41E-04  0.00E+00  0.00E+00
   172.0    685.24   1.0605E+03  0.835  0.150  4.93E-03  1.24E-04  8.94E-03  2.41E-04  0.00E+00  0.00E+00
   171.0    686.05   1.0648E+03  0.835  0.150  4.93E-03  1.24E-04  8.94E-03  2.41E-04  0.00E+00  0.00E+00
   170.0    686.87   1.0691E+03  0.835  0.150  4.93E-03  1.24E-04  8.94E-03  2.41E-04  0.00E+00  0.00E+00
   169.0    687.68   1.0734E+03  0.835  0.150  4.93E-03  1.24E-04  8.94E-03  2.41E-04  0.00E+00  0.00E+00
   168.0    688.49   1.0777E+03  0.835  0.150  4.93E-03  1.24E-04  8.94E-03  2.41E-04  0.00E+00  0.00E+00
   167.0    689.31   1.0821E+03  0.835  0.150  4.93E-03  1.24E-04  8.94E-03  2.41E-04  0.00E+00  0.00E+00
   166.0    690.12   1.0864E+03  0.835  0.150  4.93E-03  1.24E-04  8.94E-03  2.41E-04  0.00E+00  0.00E+00
   165.0    690.93   1.0908E+03  0.835  0.150  4.93E-03  1.24E-04  8.94E-03  2.41E-04  0.00E+00  0.00E+00
   164.0    691.75   1.0952E+03  0.835  0.150  4.93E-03  1.24E-04  8.94E-03  2.41E-04  0.00E+00  0.00E+00
   163.0    692.56   1.0996E+03  0.835  0.150  4.93E-03  1.24E-04  8.94E-03  2.41E-04  0.00E+00  0.00E+00
   162.0    693.37   1.1039E+03  0.835  0.150  4.93E-03  1.24E-04  8.94E-03  2.41E-04  0.00E+00  0.00E+00
   161.0    694.19   1.1084E+03  0.835  0.150  4.93E-03  1.24E-04  8.94E-03  2.41E-04  0.00E+00  0.00E+00
   160.0    695.00   1.1128E+03  0.835  0.150  4.93E-03  1.24E-04  8.94E-03  2.41E-04  0.00E+00  0.00E+00
   159.0    695.81   1.1172E+03  0.835  0.150  4.93E-03  1.24E-04  8.94E-03  2.41E-04  0.00E+00  0.00E+00
   158.0    696.63   1.1217E+03  0.835  0.150  4.93E-03  1.24E-04  8.94E-03  2.41E-04  0.00E+00  0.00E+00
   157.0    697.44   1.1261E+03  0.835  0.150  4.93E-03  1.24E-04  8.94E-03  2.41E-04  0.00E+00  0.00E+00
   156.0    698.25   1.1306E+03  0.835  0.150  4.93E-03  1.24E-04  8.94E-03  2.41E-04  0.00E+00  0.00E+00
   155.0    699.07   1.1351E+03  0.835  0.150  4.93E-03  1.24E-04  8.94E-03  2.41E-04  0.00E+00  0.00E+00
   154.0    699.88   1.1396E+03  0.835  0.150  4.93E-03  1.24E-04  8.94E-03  2.41E-04  0.00E+00  0.00E+00
   153.0    700.69   1.1441E+03  0.835  0.150  4.93E-03  1.24E-04  8.94E-03  2.41E-04  0.00E+00  0.00E+00
   152.0    701.51   1.1486E+03  0.835  0.150  4.93E-03  1.24E-04  8.94E-03  2.41E-04  0.00E+00  0.00E+00
   151.0    702.32   1.1532E+03  0.835  0.150  4.93E-03  1.24E-04  8.94E-03  2.41E-04  0.00E+00  0.00E+00
   150.0    703.13   1.1577E+03  0.835  0.150  4.93E-03  1.24E-04  8.94E-03  2.41E-04  0.00E+00  0.00E+00
   149.0    703.95   1.1623E+03  0.835  0.150  4.93E-03  1.24E-04  8.94E-03  2.41E-04  0.00E+00  0.00E+00
   148.0    704.76   1.1668E+03  0.835  0.150  4.93E-03  1.24E-04  8.94E-03  2.41E-04  0.00E+00  0.00E+00
   147.0    705.57   1.1714E+03  0.835  0.150  4.93E-03  1.24E-04  8.94E-03  2.41E-04  0.00E+00  0.00E+00
   146.0    706.39   1.1760E+03  0.835  0.150  4.93E-03  1.24E-04  8.94E-03  2.41E-04  0.00E+00  0.00E+00
   145.0    707.20   1.1806E+03  0.835  0.150  4.93E-03  1.24E-04  8.94E-03  2.41E-04  0.00E+00  0.00E+00
   144.0    708.01   1.1853E+03  0.835  0.150  4.93E-03  1.24E-04  8.94E-03  2.41E-04  0.00E+00  0.00E+00
   143.0    708.82   1.1899E+03  0.835  0.150  4.93E-03  1.24E-04  8.94E-03  2.41E-04  0.00E+00  0.00E+00
   142.0    709.64   1.1945E+03  0.835  0.150  4.93E-03  1.24E-04  8.94E-03  2.41E-04  0.00E+00  0.00E+00
   141.0    710.45   1.1992E+03  0.835  0.150  4.93E-03  1.24E-04  8.94E-03  2.41E-04  0.00E+00  0.00E+00
   140.0    711.26   1.2039E+03  0.835  0.150  4.93E-03  1.24E-04  8.94E-03  2.41E-04  0.00E+00  0.00E+00
   139.0    712.08   1.2086E+03  0.835  0.150  4.93E-03  1.24E-04  8.94E-03  2.41E-04  0.00E+00  0.00E+00
   138.0    712.89   1.2133E+03  0.835  0.150  4.93E-03  1.24E-04  8.94E-03  2.41E-04  0.00E+00  0.00E+00
   137.0    713.70   1.2180E+03  0.835  0.150  4.93E-03  1.24E-04  8.94E-03  2.41E-04  0.00E+00  0.00E+00
   136.0    714.52   1.2227E+03  0.835  0.150  4.93E-03  1.24E-04  8.94E-03  2.41E-04  0.00E+00  0.00E+00
   135.0    715.33   1.2275E+03  0.835  0.150  4.93E-03  1.24E-04  8.94E-03  2.41E-04  0.00E+00  0.00E+00
   134.0    716.14   1.2322E+03  0.835  0.150  4.93E-03  1.24E-04  8.94E-03  2.41E-04  0.00E+00  0.00E+00
   133.0    716.96   1.2370E+03  0.835  0.150  4.93E-03  1.24E-04  8.94E-03  2.41E-04  0.00E+00  0.00E+00
   132.0    717.77   1.2418E+03  0.835  0.150  4.93E-03  1.24E-04  8.94E-03  2.41E-04  0.00E+00  0.00E+00
   131.0    718.58   1.2465E+03  0.835  0.150  4.93E-03  1.24E-04  8.94E-03  2.41E-04  0.00E+00  0.00E+00
   130.0    719.39   1.2513E+03  0.835  0.150  4.93E-03  1.24E-04  8.94E-03  2.41E-04  0.00E+00  0.00E+00
   129.0    720.21   1.2562E+03  0.835  0.150  4.93E-03  1.24E-04  8.94E-03  2.41E-04  0.00E+00  0.00E+00
   128.0    721.02   1.2610E+03  0.835  0.150  4.93E-03  1.24E-04  8.94E-03  2.41E-04  0.00E+00  0.00E+00
   127.0    721.83   1.2658E+03  0.835  0.150  4.93E-03  1.24E-04  8.94E-03  2.41E-04  0.00E+00  0.00E+00
   126.0    722.65   1.2707E+03  0.835  0.150  4.93E-03  1.24E-04  8.94E-03  2.41E-04  0.00E+00  0.00E+00
   125.0    723.46   1.2756E+03  0.835  0.150  4.93E-03  1.24E-04  8.94E-03  2.41E-04  0.00E+00  0.00E+00
   124.0    724.27   1.2805E+03  0.835  0.150  4.93E-03  1.24E-04  8.94E-03  2.41E-04  0.00E+00  0.00E+00
   123.0    725.08   1.2854E+03  0.835  0.150  4.93E-03  1.24E-04  8.94E-03  2.41E-04  0.00E+00  0.00E+00
   122.0    725.90   1.2903E+03  0.835  0.150  4.93E-03  1.24E-04  8.94E-03  2.41E-04  0.00E+00  0.00E+00
   121.0    726.71   1.2952E+03  0.835  0.150  4.93E-03  1.24E-04  8.94E-03  2.41E-04  0.00E+00  0.00E+00
   120.0    727.52   1.3001E+03  0.835  0.150  4.93E-03  1.24E-04  8.94E-03  2.41E-04  0.00E+00  0.00E+00
   119.0    728.34   1.3051E+03  0.835  0.150  4.93E-03  1.24E-04  8.94E-03  2.41E-04  0.00E+00  0.00E+00
   118.0    729.15   1.3100E+03  0.835  0.150  4.93E-03  1.24E-04  8.94E-03  2.41E-04  0.00E+00  0.00E+00
   117.0    729.96   1.3150E+03  0.835  0.150  4.93E-03  1.24E-04  8.94E-03  2.41E-04  0.00E+00  0.00E+00
   116.0    730.77   1.3200E+03  0.835  0.150  4.93E-03  1.24E-04  8.94E-03  2.41E-04  0.00E+00  0.00E+00
   115.0    731.59   1.3250E+03  0.835  0.150  4.93E-03  1.24E-04  8.94E-03  2.41E-04  0.00E+00  0.00E+00
   114.0    732.40   1.3300E+03  0.835  0.150  4.93E-03  1.24E-04  8.94E-03  2.41E-04  0.00E+00  0.00E+00
   113.0    733.21   1.3351E+03  0.835  0.150  4.93E-03  1.24E-04  8.94E-03  2.41E-04  0.00E+00  0.00E+00
   112.0    734.03   1.3401E+03  0.835  0.150  4.93E-03  1.24E-04  8.94E-03  2.41E-04  0.00E+00  0.00E+00
   111.0    734.84   1.3452E+03  0.835  0.150  4.93E-03  1.24E-04  8.94E-03  2.41E-04  0.00E+00  0.00E+00
   110.0    735.65   1.3502E+03  0.835  0.150  4.93E-03  1.24E-04  8.94E-03  2.41E-04  0.00E+00  0.00E+00
   109.0    736.46   1.3553E+03  0.835  0.150  4.93E-03  1.24E-04  8.94E-03  2.41E-04  0.00E+00  0.00E+00
   108.0    737.28   1.3604E+03  0.835  0.150  4.93E-03  1.24E-04  8.94E-03  2.41E-04  0.00E+00  0.00E+00
   107.0    738.09   1.3655E+03  0.835  0.150  4.93E-03  1.24E-04  8.94E-03  2.41E-04  0.00E+00  0.00E+00
   106.0    738.90   1.3706E+03  0.835  0.150  4.93E-03  1.24E-04  8.94E-03  2.41E-04  0.00E+00  0.00E+00
   105.0    739.71   1.3758E+03  0.835  0.150  4.93E-03  1.24E-04  8.94E-03  2.41E-04  0.00E+00  0.00E+00
   104.0    740.53   1.3809E+03  0.835  0.150  4.93E-03  1.24E-04  8.94E-03  2.41E-04  0.00E+00  0.00E+00
   103.0    741.34   1.3861E+03  0.835  0.150  4.93E-03  1.24E-04  8.94E-03  2.41E-04  0.00E+00  0.00E+00
   102.0    742.15   1.3913E+03  0.835  0.150  4.93E-03  1.24E-04  8.94E-03  2.41E-04  0.00E+00  0.00E+00
   101.0    742.97   1.3965E+03  0.835  0.150  4.93E-03  1.24E-04  8.94E-03  2.41E-04  0.00E+00  0.00E+00
   100.0    743.78   1.4017E+03  0.835  0.150  4.93E-03  1.24E-04  8.94E-03  2.41E-04  0.00E+00  0.00E+00
    99.0    744.59   1.4069E+03  0.835  0.150  4.93E-03  1.24E-04  8.94E-03  2.41E-04  0.00E+00  0.00E+00
    98.0    745.40   1.4121E+03  0.835  0.150  4.93E-03  1.24E-04  8.94E-03  2.41E-04  0.00E+00  0.00E+00
    97.0    746.22   1.4174E+03  0.835  0.150  4.93E-03  1.24E-04  8.94E-03  2.41E-04  0.00E+00  0.00E+00
    96.0    747.03   1.4226E+03  0.835  0.150  4.93E-03  1.24E-04  8.94E-03  2.41E-04  0.00E+00  0.00E+00
    95.0    747.84   1.4279E+03  0.835  0.150  4.93E-03  1.24E-04  8.94E-03  2.41E-04  0.00E+00  0.00E+00
    94.0    748.65   1.4332E+03  0.835  0.150  4.93E-03  1.24E-04  8.94E-03  2.41E-04  0.00E+00  0.00E+00
    93.0    749.47   1.4385E+03  0.835  0.150  4.93E-03  1.24E-04  8.94E-03  2.41E-04  0.00E+00  0.00E+00
    92.0    750.28   1.4438E+03  0.835  0.150  4.93E-03  1.24E-04  8.94E-03  2.41E-04  0.00E+00  0.00E+00
    91.0    751.09   1.4492E+03  0.835  0.150  4.93E-03  1.24E-04  8.94E-03  2.41E-04  0.00E+00  0.00E+00
    90.0    751.90   1.4545E+03  0.835  0.150  4.93E-03  1.24E-04  8.94E-03  2.41E-04  0.00E+00  0.00E+00
    89.0    752.72   1.4599E+03  0.835  0.150  4.93E-03  1.24E-04  8.94E-03  2.41E-04  0.00E+00  0.00E+00
    88.0    753.53   1.4652E+03  0.835  0.150  4.93E-03  1.24E-04  8.94E-03  2.41E-04  0.00E+00  0.00E+00
    87.0    754.34   1.4706E+03  0.835  0.150  4.93E-03  1.24E-04  8.94E-03  2.41E-04  0.00E+00  0.00E+00
    86.0    755.15   1.4760E+03  0.835  0.150  4.93E-03  1.24E-04  8.94E-03  2.41E-04  0.00E+00  0.00E+00
    85.0    755.97   1.4814E+03  0.835  0.150  4.93E-03  1.24E-04  8.94E-03  2.41E-04  0.00E+00  0.00E+00
    84.0    756.78   1.4869E+03  0.835  0.150  4.93E-03  1.24E-04  8.94E-03  2.41E-04  0.00E+00  0.00E+00
    83.0    757.59   1.4923E+03  0.835  0.150  4.93E-03  1.24E-04  8.94E-03  2.41E-04  0.00E+00  0.00E+00
    82.0    758.40   1.4977E+03  0.835  0.150  4.93E-03  1.24E-04  8.94E-03  2.41E-04  0.00E+00  0.00E+00
    81.0    759.22   1.5032E+03  0.835  0.150  4.93E-03  1.24E-04  8.94E-03  2.41E-04  0.00E+00  0.00E+00
    80.0    760.03   1.5087E+03  0.835  0.150  4.93E-03  1.24E-04  8.94E-03  2.41E-04  0.00E+00  0.00E+00
    79.0    760.84   1.5142E+03  0.835  0.150  4.93E-03  1.24E-04  8.94E-03  2.41E-04  0.00E+00  0.00E+00
    78.0    761.65   1.5197E+03  0.835  0.150  4.93E-03  1.24E-04  8.94E-03  2.41E-04  0.00E+00  0.00E+00
    77.0    762.47   1.5252E+03  0.835  0.150  4.93E-03  1.24E-04  8.94E-03  2.41E-04  0.00E+00  0.00E+00
    76.0    763.28   1.5308E+03  0.835  0.150  4.93E-03  1.24E-04  8.94E-03  2.41E-04  0.00E+00  0.00E+00
    75.0    764.09   1.5363E+03  0.835  0.150  4.93E-03  1.24E-04  8.94E-03  2.41E-04  0.00E+00  0.00E+00
    74.0    764.90   1.5419E+03  0.835  0.150  4.93E-03  1.24E-04  8.94E-03  2.41E-04  0.00E+00  0.00E+00
    73.0    765.72   1.5475E+03  0.835  0.150  4.93E-03  1.24E-04  8.94E-03  2.41E-04  0.00E+00  0.00E+00
    72.0    766.53   1.5531E+03  0.835  0.150  4.93E-03  1.24E-04  8.94E-03  2.41E-04  0.00E+00  0.00E+00
    71.0    767.34   1.5587E+03  0.835  0.150  4.93E-03  1.24E-04  8.94E-03  2.41E-04  0.00E+00  0.00E+00
    70.0    768.15   1.5643E+03  0.835  0.150  4.93E-03  1.24E-04  8.94E-03  2.41E-04  0.00E+00  0.00E+00
    69.0    768.97   1.5700E+03  0.835  0.150  4.93E-03  1.24E-04  8.94E-03  2.41E-04  0.00E+00  0.00E+00
    68.0    769.78   1.5756E+03  0.835  0.150  4.93E-03  1.24E-04  8.94E-03  2.41E-04  0.00E+00  0.00E+00
    67.0    770.59   1.5813E+03  0.835  0.150  4.93E-03  1.24E-04  8.94E-03  2.41E-04  0.00E+00  0.00E+00
    66.0    771.40   1.5870E+03  0.835  0.150  4.93E-03  1.24E-04  8.94E-03  2.41E-04  0.00E+00  0.00E+00
    65.0    772.22   1.5927E+03  0.835  0.150  4.93E-03  1.24E-04  8.94E-03  2.41E-04  0.00E+00  0.00E+00
    64.0    773.03   1.5984E+03  0.835  0.150  4.93E-03  1.24E-04  8.94E-03  2.41E-04  0.00E+00  0.00E+00
    63.0    773.84   1.6041E+03  0.835  0.150  4.93E-03  1.24E-04  8.94E-03  2.41E-04  0.00E+00  0.00E+00
    62.0    774.65   1.6099E+03  0.835  0.150  4.93E-03  1.24E-04  8.94E-03  2.41E-04  0.00E+00  0.00E+00
    61.0    775.46   1.6156E+03  0.835  0.150  4.93E-03  1.24E-04  8.94E-03  2.41E-04  0.00E+00  0.00E+00
    60.0    776.28   1.6214E+03  0.835  0.150  4.93E-03  1.24E-04  8.94E-03  2.41E-04  0.00E+00  0.00E+00
    59.0    777.09   1.6272E+03  0.835  0.150  4.93E-03  1.24E-04  8.94E-03  2.41E-04  0.00E+00  0.00E+00
    58.0    777.90   1.6330E+03  0.835  0.150  4.93E-03  1.24E-04  8.94E-03  2.41E-04  0.00E+00  0.00E+00
    57.0    778.71   1.6388E+03  0.835  0.150  4.93E-03  1.24E-04  8.94E-03  2.41E-04  0.00E+00  0.00E+00
    56.0    779.53   1.6446E+03  0.835  0.150  4.93E-03  1.24E-04  8.94E-03  2.41E-04  0.00E+00  0.00E+00
    55.0    780.34   1.6505E+03  0.835  0.150  4.93E-03  1.24E-04  8.94E-03  2.41E-04  0.00E+00  0.00E+00
    54.0    781.15   1.6563E+03  0.835  0.150  4.93E-03  1.24E-04  8.94E-03  2.41E-04  0.00E+00  0.00E+00
    53.0    781.96   1.6622E+03  0.835  0.150  4.93E-03  1.24E-04  8.94E-03  2.41E-04  0.00E+00  0.00E+00
    52.0    782.77   1.6681E+03  0.835  0.150  4.93E-03  1.24E-04  8.94E-03  2.41E-04  0.00E+00  0.00E+00
    51.0    783.59   1.6740E+03  0.835  0.150  4.93E-03  1.24E-04  8.94E-03  2.41E-04  0.00E+00  0.00E+00
    50.0    784.40   1.6799E+03  0.835  0.150  4.93E-03  1.24E-04  8.94E-03  2.41E-04  0.00E+00  0.00E+00
    49.0    785.21   1.6858E+03  0.835  0.150  4.93E-03  1.24E-04  8.94E-03  2.41E-04  0.00E+00  0.00E+00
    48.0    786.02   1.6918E+03  0.835  0.150  4.93E-03  1.24E-04  8.94E-03  2.41E-04  0.00E+00  0.00E+00
    47.0    786.84   1.6977E+03  0.835  0.150  4.93E-03  1.24E-04  8.94E-03  2.41E-04  0.00E+00  0.00E+00
    46.0    787.65   1.7037E+03  0.835  0.150  4.93E-03  1.24E-04  8.94E-03  2.41E-04  0.00E+00  0.00E+00
    45.0    788.46   1.7097E+03  0.835  0.150  4.93E-03  1.24E-04  8.94E-03  2.41E-04  0.00E+00  0.00E+00
    44.0    789.27   1.7157E+03  0.835  0.150  4.93E-03  1.24E-04  8.94E-03  2.41E-04  0.00E+00  0.00E+00
    43.0    790.08   1.7217E+03  0.835  0.150  4.93E-03  1.24E-04  8.94E-03  2.41E-04  0.00E+00  0.00E+00
    42.0    790.90   1.7278E+03  0.835  0.150  4.93E-03  1.24E-04  8.94E-03  2.41E-04  0.00E+00  0.00E+00
    41.0    791.71   1.7338E+03  0.835  0.150  4.93E-03  1.24E-04  8.94E-03  2.41E-04  0.00E+00  0.00E+00
    40.0    792.52   1.7399E+03  0.835  0.150  4.93E-03  1.24E-04  8.94E-03  2.41E-04  0.00E+00  0.00E+00
    39.0    793.33   1.7460E+03  0.835  0.150  4.93E-03  1.24E-04  8.94E-03  2.41E-04  0.00E+00  0.00E+00
    38.0    794.15   1.7520E+03  0.835  0.150  4.93E-03  1.24E-04  8.94E-03  2.41E-04  0.00E+00  0.00E+00
    37.0    794.96   1.7582E+03  0.835  0.150  4.93E-03  1.24E-04  8.94E-03  2.41E-04  0.00E+00  0.00E+00
    36.0    795.77   1.7643E+03  0.835  0.150  4.93E-03  1.24E-04  8.94E-03  2.41E-04  0.00E+00  0.00E+00
    35.0    796.58   1.7704E+03  0.835  0.150  4.93E-03  1.24E-04  8.94E-03  2.41E-04  0.00E+00  0.00E+00
    34.0    797.39   1.7766E+03  0.835  0.150  4.93E-03  1.24E-04  8.94E-03  2.41E-04  0.00E+00  0.00E+00
    33.0    798.21   1.7828E+03  0.835  0.150  4.93E-03  1.24E-04  8.94E-03  2.41E-04  0.00E+00  0.00E+00
    32.0    799.02   1.7889E+03  0.835  0.150  4.93E-03  1.24E-04  8.94E-03  2.41E-04  0.00E+00  0.00E+00
    31.0    799.83   1.7951E+03  0.835  0.150  4.93E-03  1.24E-04  8.94E-03  2.41E-04  0.00E+00  0.00E+00
    30.0    800.64   1.8014E+03  0.835  0.150  4.93E-03  1.24E-04  8.94E-03  2.41E-04  0.00E+00  0.00E+00
    29.0    801.45   1.8076E+03  0.835  0.150  4.93E-03  1.24E-04  8.94E-03  2.41E-04  0.00E+00  0.00E+00
    28.0    802.27   1.8138E+03  0.835  0.150  4.93E-03  1.24E-04  8.94E-03  2.41E-04  0.00E+00  0.00E+00
    27.0    803.08   1.8201E+03  0.835  0.150  4.93E-03  1.24E-04  8.94E-03  2.41E-04  0.00E+00  0.00E+00
    26.0    803.89   1.8264E+03  0.835  0.150  4.93E-03  1.24E-04  8.94E-03  2.41E-04  0.00E+00  0.00E+00
    25.0    804.70   1.8327E+03  0.835  0.150  4.93E-03  1.24E-04  8.94E-03  2.41E-04  0.00E+00  0.00E+00
    24.0    805.51   1.8390E+03  0.835  0.150  4.93E-03  1.24E-04  8.94E-03  2.41E-04  0.00E+00  0.00E+00
    23.0    806.33   1.8453E+03  0.835  0.150  4.93E-03  1.24E-04  8.94E-03  2.41E-04  0.00E+00  0.00E+00
    22.0    807.14   1.8516E+03  0.835  0.150  4.93E-03  1.24E-04  8.94E-03  2.41E-04  0.00E+00  0.00E+00
    21.0    807.95   1.8580E+03  0.835  0.150  4.93E-03  1.24E-04  8.94E-03  2.41E-04  0.00E+00  0.00E+00
    20.0    808.76   1.8644E+03  0.835  0.150  4.93E-03  1.24E-04  8.94E-03  2.41E-04  0.00E+00  0.00E+00
    19.0    809.57   1.8707E+03  0.835  0.150  4.93E-03  1.24E-04  8.94E-03  2.41E-04  0.00E+00  0.00E+00
    18.0    810.39   1.8771E+03  0.835  0.150  4.93E-03  1.24E-04  8.94E-03  2.41E-04  0.00E+00  0.00E+00
    17.0    811.20   1.8836E+03  0.835  0.150  4.93E-03  1.24E-04  8.94E-03  2.41E-04  0.00E+00  0.00E+00
    16.0    812.01   1.8900E+03  0.835  0.150  4.93E-03  1.24E-04  8.94E-03  2.41E-04  0.00E+00  0.00E+00
    15.0    812.82   1.8964E+03  0.835  0.150  4.93E-03  1.24E-04  8.94E-03  2.41E-04  0.00E+00  0.00E+00
    14.0    813.63   1.9029E+03  0.835  0.150  4.93E-03  1.24E-04  8.94E-03  2.41E-04  0.00E+00  0.00E+00
    13.0    814.45   1.9094E+03  0.835  0.150  4.93E-03  1.24E-04  8.94E-03  2.41E-04  0.00E+00  0.00E+00
    12.0    815.26   1.9159E+03  0.835  0.150  4.93E-03  1.24E-04  8.94E-03  2.41E-04  0.00E+00  0.00E+00
    11.0    816.07   1.9224E+03  0.835  0.150  4.93E-03  1.24E-04  8.94E-03  2.41E-04  0.00E+00  0.00E+00
    10.0    816.88   1.9289E+03  0.835  0.150  4.93E-03  1.24E-04  8.94E-03  2.41E-04  0.00E+00  0.00E+00
     9.0    817.69   1.9354E+03  0.835  0.150  4.93E-03  1.24E-04  8.94E-03  2.41E-04  0.00E+00  0.00E+00
     8.0    818.51   1.9420E+03  0.835  0.150  4.93E-03  1.24E-04  8.94E-03  2.41E-04  0.00E+00  0.00E+00
     7.0    819.32   1.9486E+03  0.835  0.150  4.93E-03  1.24E-04  8.94E-03  2.41E-04  0.00E+00  0.00E+00
     6.0    820.13   1.9551E+03  0.835  0.150  4.93E-03  1.24E-04  8.94E-03  2.41E-04  0.00E+00  0.00E+00
     5.0    820.94   1.9618E+03  0.835  0.150  4.93E-03  1.24E-04  8.94E-03  2.41E-04  0.00E+00  0.00E+00
     4.0    821.75   1.9684E+03  0.835  0.150  4.93E-03  1.24E-04  8.94E-03  2.41E-04  0.00E+00  0.00E+00
     3.0    822.56   1.9750E+03  0.835  0.150  4.93E-03  1.24E-04  8.94E-03  2.41E-04  0.00E+00  0.00E+00
     2.0    823.38   1.9817E+03  0.835  0.150  4.93E-03  1.24E-04  8.94E-03  2.41E-04  0.00E+00  0.00E+00
     1.0    824.19   1.9883E+03  0.835  0.150  4.93E-03  1.24E-04  8.94E-03  2.41E-04  0.00E+00  0.00E+00
     0.0    825.00   1.9950E+03  0.835  0.150  4.93E-03  1.24E-04  8.94E-03  2.41E-04  0.00E+00  0.00E+00
