1   Uranus     CASE  12   CLOUD15 Model Normal H2
 
     Cloud Densities - gm/cm**3
 
   Z       T        P      NH3 - H2O     H2O       NH4SH       NH3        H2S        CH4        Ar
  (km)    (K)     (bars)   Solution      Ice       Solid       Ice        Ice        Ice        Ice
 
   0.0  825.00  1.995E+03  0.000E+00  0.000E+00  0.000E+00  0.000E+00  0.000E+00  0.000E+00  0.000E+00
   1.0  824.19  1.988E+03  0.000E+00  0.000E+00  0.000E+00  0.000E+00  0.000E+00  0.000E+00  0.000E+00
   2.0  823.38  1.982E+03  0.000E+00  0.000E+00  0.000E+00  0.000E+00  0.000E+00  0.000E+00  0.000E+00
   3.0  822.56  1.975E+03  0.000E+00  0.000E+00  0.000E+00  0.000E+00  0.000E+00  0.000E+00  0.000E+00
   4.0  821.75  1.968E+03  0.000E+00  0.000E+00  0.000E+00  0.000E+00  0.000E+00  0.000E+00  0.000E+00
   5.0  820.94  1.962E+03  0.000E+00  0.000E+00  0.000E+00  0.000E+00  0.000E+00  0.000E+00  0.000E+00
   6.0  820.13  1.955E+03  0.000E+00  0.000E+00  0.000E+00  0.000E+00  0.000E+00  0.000E+00  0.000E+00
   7.0  819.32  1.949E+03  0.000E+00  0.000E+00  0.000E+00  0.000E+00  0.000E+00  0.000E+00  0.000E+00
   8.0  818.51  1.942E+03  0.000E+00  0.000E+00  0.000E+00  0.000E+00  0.000E+00  0.000E+00  0.000E+00
   9.0  817.69  1.935E+03  0.000E+00  0.000E+00  0.000E+00  0.000E+00  0.000E+00  0.000E+00  0.000E+00
  10.0  816.88  1.929E+03  0.000E+00  0.000E+00  0.000E+00  0.000E+00  0.000E+00  0.000E+00  0.000E+00
  11.0  816.07  1.922E+03  0.000E+00  0.000E+00  0.000E+00  0.000E+00  0.000E+00  0.000E+00  0.000E+00
  12.0  815.26  1.916E+03  0.000E+00  0.000E+00  0.000E+00  0.000E+00  0.000E+00  0.000E+00  0.000E+00
  13.0  814.45  1.909E+03  0.000E+00  0.000E+00  0.000E+00  0.000E+00  0.000E+00  0.000E+00  0.000E+00
  14.0  813.63  1.903E+03  0.000E+00  0.000E+00  0.000E+00  0.000E+00  0.000E+00  0.000E+00  0.000E+00
  15.0  812.82  1.896E+03  0.000E+00  0.000E+00  0.000E+00  0.000E+00  0.000E+00  0.000E+00  0.000E+00
  16.0  812.01  1.890E+03  0.000E+00  0.000E+00  0.000E+00  0.000E+00  0.000E+00  0.000E+00  0.000E+00
  17.0  811.20  1.884E+03  0.000E+00  0.000E+00  0.000E+00  0.000E+00  0.000E+00  0.000E+00  0.000E+00
  18.0  810.39  1.877E+03  0.000E+00  0.000E+00  0.000E+00  0.000E+00  0.000E+00  0.000E+00  0.000E+00
  19.0  809.57  1.871E+03  0.000E+00  0.000E+00  0.000E+00  0.000E+00  0.000E+00  0.000E+00  0.000E+00
  20.0  808.76  1.864E+03  0.000E+00  0.000E+00  0.000E+00  0.000E+00  0.000E+00  0.000E+00  0.000E+00
  21.0  807.95  1.858E+03  0.000E+00  0.000E+00  0.000E+00  0.000E+00  0.000E+00  0.000E+00  0.000E+00
  22.0  807.14  1.852E+03  0.000E+00  0.000E+00  0.000E+00  0.000E+00  0.000E+00  0.000E+00  0.000E+00
  23.0  806.33  1.845E+03  0.000E+00  0.000E+00  0.000E+00  0.000E+00  0.000E+00  0.000E+00  0.000E+00
  24.0  805.51  1.839E+03  0.000E+00  0.000E+00  0.000E+00  0.000E+00  0.000E+00  0.000E+00  0.000E+00
  25.0  804.70  1.833E+03  0.000E+00  0.000E+00  0.000E+00  0.000E+00  0.000E+00  0.000E+00  0.000E+00
  26.0  803.89  1.826E+03  0.000E+00  0.000E+00  0.000E+00  0.000E+00  0.000E+00  0.000E+00  0.000E+00
  27.0  803.08  1.820E+03  0.000E+00  0.000E+00  0.000E+00  0.000E+00  0.000E+00  0.000E+00  0.000E+00
  28.0  802.27  1.814E+03  0.000E+00  0.000E+00  0.000E+00  0.000E+00  0.000E+00  0.000E+00  0.000E+00
  29.0  801.45  1.808E+03  0.000E+00  0.000E+00  0.000E+00  0.000E+00  0.000E+00  0.000E+00  0.000E+00
  30.0  800.64  1.801E+03  0.000E+00  0.000E+00  0.000E+00  0.000E+00  0.000E+00  0.000E+00  0.000E+00
  31.0  799.83  1.795E+03  0.000E+00  0.000E+00  0.000E+00  0.000E+00  0.000E+00  0.000E+00  0.000E+00
  32.0  799.02  1.789E+03  0.000E+00  0.000E+00  0.000E+00  0.000E+00  0.000E+00  0.000E+00  0.000E+00
  33.0  798.21  1.783E+03  0.000E+00  0.000E+00  0.000E+00  0.000E+00  0.000E+00  0.000E+00  0.000E+00
  34.0  797.39  1.777E+03  0.000E+00  0.000E+00  0.000E+00  0.000E+00  0.000E+00  0.000E+00  0.000E+00
  35.0  796.58  1.770E+03  0.000E+00  0.000E+00  0.000E+00  0.000E+00  0.000E+00  0.000E+00  0.000E+00
  36.0  795.77  1.764E+03  0.000E+00  0.000E+00  0.000E+00  0.000E+00  0.000E+00  0.000E+00  0.000E+00
  37.0  794.96  1.758E+03  0.000E+00  0.000E+00  0.000E+00  0.000E+00  0.000E+00  0.000E+00  0.000E+00
  38.0  794.15  1.752E+03  0.000E+00  0.000E+00  0.000E+00  0.000E+00  0.000E+00  0.000E+00  0.000E+00
  39.0  793.33  1.746E+03  0.000E+00  0.000E+00  0.000E+00  0.000E+00  0.000E+00  0.000E+00  0.000E+00
  40.0  792.52  1.740E+03  0.000E+00  0.000E+00  0.000E+00  0.000E+00  0.000E+00  0.000E+00  0.000E+00
  41.0  791.71  1.734E+03  0.000E+00  0.000E+00  0.000E+00  0.000E+00  0.000E+00  0.000E+00  0.000E+00
  42.0  790.90  1.728E+03  0.000E+00  0.000E+00  0.000E+00  0.000E+00  0.000E+00  0.000E+00  0.000E+00
  43.0  790.08  1.722E+03  0.000E+00  0.000E+00  0.000E+00  0.000E+00  0.000E+00  0.000E+00  0.000E+00
  44.0  789.27  1.716E+03  0.000E+00  0.000E+00  0.000E+00  0.000E+00  0.000E+00  0.000E+00  0.000E+00
  45.0  788.46  1.710E+03  0.000E+00  0.000E+00  0.000E+00  0.000E+00  0.000E+00  0.000E+00  0.000E+00
  46.0  787.65  1.704E+03  0.000E+00  0.000E+00  0.000E+00  0.000E+00  0.000E+00  0.000E+00  0.000E+00
  47.0  786.84  1.698E+03  0.000E+00  0.000E+00  0.000E+00  0.000E+00  0.000E+00  0.000E+00  0.000E+00
  48.0  786.02  1.692E+03  0.000E+00  0.000E+00  0.000E+00  0.000E+00  0.000E+00  0.000E+00  0.000E+00
  49.0  785.21  1.686E+03  0.000E+00  0.000E+00  0.000E+00  0.000E+00  0.000E+00  0.000E+00  0.000E+00
  50.0  784.40  1.680E+03  0.000E+00  0.000E+00  0.000E+00  0.000E+00  0.000E+00  0.000E+00  0.000E+00
  51.0  783.59  1.674E+03  0.000E+00  0.000E+00  0.000E+00  0.000E+00  0.000E+00  0.000E+00  0.000E+00
  52.0  782.77  1.668E+03  0.000E+00  0.000E+00  0.000E+00  0.000E+00  0.000E+00  0.000E+00  0.000E+00
  53.0  781.96  1.662E+03  0.000E+00  0.000E+00  0.000E+00  0.000E+00  0.000E+00  0.000E+00  0.000E+00
  54.0  781.15  1.656E+03  0.000E+00  0.000E+00  0.000E+00  0.000E+00  0.000E+00  0.000E+00  0.000E+00
  55.0  780.34  1.650E+03  0.000E+00  0.000E+00  0.000E+00  0.000E+00  0.000E+00  0.000E+00  0.000E+00
  56.0  779.53  1.645E+03  0.000E+00  0.000E+00  0.000E+00  0.000E+00  0.000E+00  0.000E+00  0.000E+00
  57.0  778.71  1.639E+03  0.000E+00  0.000E+00  0.000E+00  0.000E+00  0.000E+00  0.000E+00  0.000E+00
  58.0  777.90  1.633E+03  0.000E+00  0.000E+00  0.000E+00  0.000E+00  0.000E+00  0.000E+00  0.000E+00
  59.0  777.09  1.627E+03  0.000E+00  0.000E+00  0.000E+00  0.000E+00  0.000E+00  0.000E+00  0.000E+00
  60.0  776.28  1.621E+03  0.000E+00  0.000E+00  0.000E+00  0.000E+00  0.000E+00  0.000E+00  0.000E+00
  61.0  775.46  1.616E+03  0.000E+00  0.000E+00  0.000E+00  0.000E+00  0.000E+00  0.000E+00  0.000E+00
  62.0  774.65  1.610E+03  0.000E+00  0.000E+00  0.000E+00  0.000E+00  0.000E+00  0.000E+00  0.000E+00
  63.0  773.84  1.604E+03  0.000E+00  0.000E+00  0.000E+00  0.000E+00  0.000E+00  0.000E+00  0.000E+00
  64.0  773.03  1.598E+03  0.000E+00  0.000E+00  0.000E+00  0.000E+00  0.000E+00  0.000E+00  0.000E+00
  65.0  772.22  1.593E+03  0.000E+00  0.000E+00  0.000E+00  0.000E+00  0.000E+00  0.000E+00  0.000E+00
  66.0  771.40  1.587E+03  0.000E+00  0.000E+00  0.000E+00  0.000E+00  0.000E+00  0.000E+00  0.000E+00
  67.0  770.59  1.581E+03  0.000E+00  0.000E+00  0.000E+00  0.000E+00  0.000E+00  0.000E+00  0.000E+00
  68.0  769.78  1.576E+03  0.000E+00  0.000E+00  0.000E+00  0.000E+00  0.000E+00  0.000E+00  0.000E+00
  69.0  768.97  1.570E+03  0.000E+00  0.000E+00  0.000E+00  0.000E+00  0.000E+00  0.000E+00  0.000E+00
  70.0  768.15  1.564E+03  0.000E+00  0.000E+00  0.000E+00  0.000E+00  0.000E+00  0.000E+00  0.000E+00
  71.0  767.34  1.559E+03  0.000E+00  0.000E+00  0.000E+00  0.000E+00  0.000E+00  0.000E+00  0.000E+00
  72.0  766.53  1.553E+03  0.000E+00  0.000E+00  0.000E+00  0.000E+00  0.000E+00  0.000E+00  0.000E+00
  73.0  765.72  1.547E+03  0.000E+00  0.000E+00  0.000E+00  0.000E+00  0.000E+00  0.000E+00  0.000E+00
  74.0  764.90  1.542E+03  0.000E+00  0.000E+00  0.000E+00  0.000E+00  0.000E+00  0.000E+00  0.000E+00
  75.0  764.09  1.536E+03  0.000E+00  0.000E+00  0.000E+00  0.000E+00  0.000E+00  0.000E+00  0.000E+00
  76.0  763.28  1.531E+03  0.000E+00  0.000E+00  0.000E+00  0.000E+00  0.000E+00  0.000E+00  0.000E+00
  77.0  762.47  1.525E+03  0.000E+00  0.000E+00  0.000E+00  0.000E+00  0.000E+00  0.000E+00  0.000E+00
  78.0  761.65  1.520E+03  0.000E+00  0.000E+00  0.000E+00  0.000E+00  0.000E+00  0.000E+00  0.000E+00
  79.0  760.84  1.514E+03  0.000E+00  0.000E+00  0.000E+00  0.000E+00  0.000E+00  0.000E+00  0.000E+00
  80.0  760.03  1.509E+03  0.000E+00  0.000E+00  0.000E+00  0.000E+00  0.000E+00  0.000E+00  0.000E+00
  81.0  759.22  1.503E+03  0.000E+00  0.000E+00  0.000E+00  0.000E+00  0.000E+00  0.000E+00  0.000E+00
  82.0  758.40  1.498E+03  0.000E+00  0.000E+00  0.000E+00  0.000E+00  0.000E+00  0.000E+00  0.000E+00
  83.0  757.59  1.492E+03  0.000E+00  0.000E+00  0.000E+00  0.000E+00  0.000E+00  0.000E+00  0.000E+00
  84.0  756.78  1.487E+03  0.000E+00  0.000E+00  0.000E+00  0.000E+00  0.000E+00  0.000E+00  0.000E+00
  85.0  755.97  1.481E+03  0.000E+00  0.000E+00  0.000E+00  0.000E+00  0.000E+00  0.000E+00  0.000E+00
  86.0  755.15  1.476E+03  0.000E+00  0.000E+00  0.000E+00  0.000E+00  0.000E+00  0.000E+00  0.000E+00
  87.0  754.34  1.471E+03  0.000E+00  0.000E+00  0.000E+00  0.000E+00  0.000E+00  0.000E+00  0.000E+00
  88.0  753.53  1.465E+03  0.000E+00  0.000E+00  0.000E+00  0.000E+00  0.000E+00  0.000E+00  0.000E+00
  89.0  752.72  1.460E+03  0.000E+00  0.000E+00  0.000E+00  0.000E+00  0.000E+00  0.000E+00  0.000E+00
  90.0  751.90  1.454E+03  0.000E+00  0.000E+00  0.000E+00  0.000E+00  0.000E+00  0.000E+00  0.000E+00
  91.0  751.09  1.449E+03  0.000E+00  0.000E+00  0.000E+00  0.000E+00  0.000E+00  0.000E+00  0.000E+00
  92.0  750.28  1.444E+03  0.000E+00  0.000E+00  0.000E+00  0.000E+00  0.000E+00  0.000E+00  0.000E+00
  93.0  749.47  1.439E+03  0.000E+00  0.000E+00  0.000E+00  0.000E+00  0.000E+00  0.000E+00  0.000E+00
  94.0  748.65  1.433E+03  0.000E+00  0.000E+00  0.000E+00  0.000E+00  0.000E+00  0.000E+00  0.000E+00
  95.0  747.84  1.428E+03  0.000E+00  0.000E+00  0.000E+00  0.000E+00  0.000E+00  0.000E+00  0.000E+00
  96.0  747.03  1.423E+03  0.000E+00  0.000E+00  0.000E+00  0.000E+00  0.000E+00  0.000E+00  0.000E+00
  97.0  746.22  1.417E+03  0.000E+00  0.000E+00  0.000E+00  0.000E+00  0.000E+00  0.000E+00  0.000E+00
  98.0  745.40  1.412E+03  0.000E+00  0.000E+00  0.000E+00  0.000E+00  0.000E+00  0.000E+00  0.000E+00
  99.0  744.59  1.407E+03  0.000E+00  0.000E+00  0.000E+00  0.000E+00  0.000E+00  0.000E+00  0.000E+00
 100.0  743.78  1.402E+03  0.000E+00  0.000E+00  0.000E+00  0.000E+00  0.000E+00  0.000E+00  0.000E+00
 101.0  742.97  1.396E+03  0.000E+00  0.000E+00  0.000E+00  0.000E+00  0.000E+00  0.000E+00  0.000E+00
 102.0  742.15  1.391E+03  0.000E+00  0.000E+00  0.000E+00  0.000E+00  0.000E+00  0.000E+00  0.000E+00
 103.0  741.34  1.386E+03  0.000E+00  0.000E+00  0.000E+00  0.000E+00  0.000E+00  0.000E+00  0.000E+00
 104.0  740.53  1.381E+03  0.000E+00  0.000E+00  0.000E+00  0.000E+00  0.000E+00  0.000E+00  0.000E+00
 105.0  739.71  1.376E+03  0.000E+00  0.000E+00  0.000E+00  0.000E+00  0.000E+00  0.000E+00  0.000E+00
 106.0  738.90  1.371E+03  0.000E+00  0.000E+00  0.000E+00  0.000E+00  0.000E+00  0.000E+00  0.000E+00
 107.0  738.09  1.366E+03  0.000E+00  0.000E+00  0.000E+00  0.000E+00  0.000E+00  0.000E+00  0.000E+00
 108.0  737.28  1.360E+03  0.000E+00  0.000E+00  0.000E+00  0.000E+00  0.000E+00  0.000E+00  0.000E+00
 109.0  736.46  1.355E+03  0.000E+00  0.000E+00  0.000E+00  0.000E+00  0.000E+00  0.000E+00  0.000E+00
 110.0  735.65  1.350E+03  0.000E+00  0.000E+00  0.000E+00  0.000E+00  0.000E+00  0.000E+00  0.000E+00
 111.0  734.84  1.345E+03  0.000E+00  0.000E+00  0.000E+00  0.000E+00  0.000E+00  0.000E+00  0.000E+00
 112.0  734.03  1.340E+03  0.000E+00  0.000E+00  0.000E+00  0.000E+00  0.000E+00  0.000E+00  0.000E+00
 113.0  733.21  1.335E+03  0.000E+00  0.000E+00  0.000E+00  0.000E+00  0.000E+00  0.000E+00  0.000E+00
 114.0  732.40  1.330E+03  0.000E+00  0.000E+00  0.000E+00  0.000E+00  0.000E+00  0.000E+00  0.000E+00
 115.0  731.59  1.325E+03  0.000E+00  0.000E+00  0.000E+00  0.000E+00  0.000E+00  0.000E+00  0.000E+00
 116.0  730.77  1.320E+03  0.000E+00  0.000E+00  0.000E+00  0.000E+00  0.000E+00  0.000E+00  0.000E+00
 117.0  729.96  1.315E+03  0.000E+00  0.000E+00  0.000E+00  0.000E+00  0.000E+00  0.000E+00  0.000E+00
 118.0  729.15  1.310E+03  0.000E+00  0.000E+00  0.000E+00  0.000E+00  0.000E+00  0.000E+00  0.000E+00
 119.0  728.34  1.305E+03  0.000E+00  0.000E+00  0.000E+00  0.000E+00  0.000E+00  0.000E+00  0.000E+00
 120.0  727.52  1.300E+03  0.000E+00  0.000E+00  0.000E+00  0.000E+00  0.000E+00  0.000E+00  0.000E+00
 121.0  726.71  1.295E+03  0.000E+00  0.000E+00  0.000E+00  0.000E+00  0.000E+00  0.000E+00  0.000E+00
 122.0  725.90  1.290E+03  0.000E+00  0.000E+00  0.000E+00  0.000E+00  0.000E+00  0.000E+00  0.000E+00
 123.0  725.08  1.285E+03  0.000E+00  0.000E+00  0.000E+00  0.000E+00  0.000E+00  0.000E+00  0.000E+00
 124.0  724.27  1.280E+03  0.000E+00  0.000E+00  0.000E+00  0.000E+00  0.000E+00  0.000E+00  0.000E+00
 125.0  723.46  1.276E+03  0.000E+00  0.000E+00  0.000E+00  0.000E+00  0.000E+00  0.000E+00  0.000E+00
 126.0  722.65  1.271E+03  0.000E+00  0.000E+00  0.000E+00  0.000E+00  0.000E+00  0.000E+00  0.000E+00
 127.0  721.83  1.266E+03  0.000E+00  0.000E+00  0.000E+00  0.000E+00  0.000E+00  0.000E+00  0.000E+00
 128.0  721.02  1.261E+03  0.000E+00  0.000E+00  0.000E+00  0.000E+00  0.000E+00  0.000E+00  0.000E+00
 129.0  720.21  1.256E+03  0.000E+00  0.000E+00  0.000E+00  0.000E+00  0.000E+00  0.000E+00  0.000E+00
 130.0  719.39  1.251E+03  0.000E+00  0.000E+00  0.000E+00  0.000E+00  0.000E+00  0.000E+00  0.000E+00
 131.0  718.58  1.247E+03  0.000E+00  0.000E+00  0.000E+00  0.000E+00  0.000E+00  0.000E+00  0.000E+00
 132.0  717.77  1.242E+03  0.000E+00  0.000E+00  0.000E+00  0.000E+00  0.000E+00  0.000E+00  0.000E+00
 133.0  716.96  1.237E+03  0.000E+00  0.000E+00  0.000E+00  0.000E+00  0.000E+00  0.000E+00  0.000E+00
 134.0  716.14  1.232E+03  0.000E+00  0.000E+00  0.000E+00  0.000E+00  0.000E+00  0.000E+00  0.000E+00
 135.0  715.33  1.227E+03  0.000E+00  0.000E+00  0.000E+00  0.000E+00  0.000E+00  0.000E+00  0.000E+00
 136.0  714.52  1.223E+03  0.000E+00  0.000E+00  0.000E+00  0.000E+00  0.000E+00  0.000E+00  0.000E+00
 137.0  713.70  1.218E+03  0.000E+00  0.000E+00  0.000E+00  0.000E+00  0.000E+00  0.000E+00  0.000E+00
 138.0  712.89  1.213E+03  0.000E+00  0.000E+00  0.000E+00  0.000E+00  0.000E+00  0.000E+00  0.000E+00
 139.0  712.08  1.209E+03  0.000E+00  0.000E+00  0.000E+00  0.000E+00  0.000E+00  0.000E+00  0.000E+00
 140.0  711.26  1.204E+03  0.000E+00  0.000E+00  0.000E+00  0.000E+00  0.000E+00  0.000E+00  0.000E+00
 141.0  710.45  1.199E+03  0.000E+00  0.000E+00  0.000E+00  0.000E+00  0.000E+00  0.000E+00  0.000E+00
 142.0  709.64  1.195E+03  0.000E+00  0.000E+00  0.000E+00  0.000E+00  0.000E+00  0.000E+00  0.000E+00
 143.0  708.82  1.190E+03  0.000E+00  0.000E+00  0.000E+00  0.000E+00  0.000E+00  0.000E+00  0.000E+00
 144.0  708.01  1.185E+03  0.000E+00  0.000E+00  0.000E+00  0.000E+00  0.000E+00  0.000E+00  0.000E+00
 145.0  707.20  1.181E+03  0.000E+00  0.000E+00  0.000E+00  0.000E+00  0.000E+00  0.000E+00  0.000E+00
 146.0  706.39  1.176E+03  0.000E+00  0.000E+00  0.000E+00  0.000E+00  0.000E+00  0.000E+00  0.000E+00
 147.0  705.57  1.171E+03  0.000E+00  0.000E+00  0.000E+00  0.000E+00  0.000E+00  0.000E+00  0.000E+00
 148.0  704.76  1.167E+03  0.000E+00  0.000E+00  0.000E+00  0.000E+00  0.000E+00  0.000E+00  0.000E+00
 149.0  703.95  1.162E+03  0.000E+00  0.000E+00  0.000E+00  0.000E+00  0.000E+00  0.000E+00  0.000E+00
 150.0  703.13  1.158E+03  0.000E+00  0.000E+00  0.000E+00  0.000E+00  0.000E+00  0.000E+00  0.000E+00
 151.0  702.32  1.153E+03  0.000E+00  0.000E+00  0.000E+00  0.000E+00  0.000E+00  0.000E+00  0.000E+00
 152.0  701.51  1.149E+03  0.000E+00  0.000E+00  0.000E+00  0.000E+00  0.000E+00  0.000E+00  0.000E+00
 153.0  700.69  1.144E+03  0.000E+00  0.000E+00  0.000E+00  0.000E+00  0.000E+00  0.000E+00  0.000E+00
 154.0  699.88  1.140E+03  0.000E+00  0.000E+00  0.000E+00  0.000E+00  0.000E+00  0.000E+00  0.000E+00
 155.0  699.07  1.135E+03  0.000E+00  0.000E+00  0.000E+00  0.000E+00  0.000E+00  0.000E+00  0.000E+00
 156.0  698.25  1.131E+03  0.000E+00  0.000E+00  0.000E+00  0.000E+00  0.000E+00  0.000E+00  0.000E+00
 157.0  697.44  1.126E+03  0.000E+00  0.000E+00  0.000E+00  0.000E+00  0.000E+00  0.000E+00  0.000E+00
 158.0  696.63  1.122E+03  0.000E+00  0.000E+00  0.000E+00  0.000E+00  0.000E+00  0.000E+00  0.000E+00
 159.0  695.81  1.117E+03  0.000E+00  0.000E+00  0.000E+00  0.000E+00  0.000E+00  0.000E+00  0.000E+00
 160.0  695.00  1.113E+03  0.000E+00  0.000E+00  0.000E+00  0.000E+00  0.000E+00  0.000E+00  0.000E+00
 161.0  694.19  1.108E+03  0.000E+00  0.000E+00  0.000E+00  0.000E+00  0.000E+00  0.000E+00  0.000E+00
 162.0  693.37  1.104E+03  0.000E+00  0.000E+00  0.000E+00  0.000E+00  0.000E+00  0.000E+00  0.000E+00
 163.0  692.56  1.100E+03  0.000E+00  0.000E+00  0.000E+00  0.000E+00  0.000E+00  0.000E+00  0.000E+00
 164.0  691.75  1.095E+03  0.000E+00  0.000E+00  0.000E+00  0.000E+00  0.000E+00  0.000E+00  0.000E+00
 165.0  690.93  1.091E+03  0.000E+00  0.000E+00  0.000E+00  0.000E+00  0.000E+00  0.000E+00  0.000E+00
 166.0  690.12  1.086E+03  0.000E+00  0.000E+00  0.000E+00  0.000E+00  0.000E+00  0.000E+00  0.000E+00
 167.0  689.31  1.082E+03  0.000E+00  0.000E+00  0.000E+00  0.000E+00  0.000E+00  0.000E+00  0.000E+00
 168.0  688.49  1.078E+03  0.000E+00  0.000E+00  0.000E+00  0.000E+00  0.000E+00  0.000E+00  0.000E+00
 169.0  687.68  1.073E+03  0.000E+00  0.000E+00  0.000E+00  0.000E+00  0.000E+00  0.000E+00  0.000E+00
 170.0  686.87  1.069E+03  0.000E+00  0.000E+00  0.000E+00  0.000E+00  0.000E+00  0.000E+00  0.000E+00
 171.0  686.05  1.065E+03  0.000E+00  0.000E+00  0.000E+00  0.000E+00  0.000E+00  0.000E+00  0.000E+00
 172.0  685.24  1.061E+03  0.000E+00  0.000E+00  0.000E+00  0.000E+00  0.000E+00  0.000E+00  0.000E+00
 173.0  684.43  1.056E+03  0.000E+00  0.000E+00  0.000E+00  0.000E+00  0.000E+00  0.000E+00  0.000E+00
 174.0  683.61  1.052E+03  0.000E+00  0.000E+00  0.000E+00  0.000E+00  0.000E+00  0.000E+00  0.000E+00
 175.0  682.80  1.048E+03  0.000E+00  0.000E+00  0.000E+00  0.000E+00  0.000E+00  0.000E+00  0.000E+00
 176.0  681.99  1.043E+03  0.000E+00  0.000E+00  0.000E+00  0.000E+00  0.000E+00  0.000E+00  0.000E+00
 177.0  681.17  1.039E+03  0.000E+00  0.000E+00  0.000E+00  0.000E+00  0.000E+00  0.000E+00  0.000E+00
 178.0  680.36  1.035E+03  0.000E+00  0.000E+00  0.000E+00  0.000E+00  0.000E+00  0.000E+00  0.000E+00
 179.0  679.55  1.031E+03  0.000E+00  0.000E+00  0.000E+00  0.000E+00  0.000E+00  0.000E+00  0.000E+00
 180.0  678.73  1.027E+03  0.000E+00  0.000E+00  0.000E+00  0.000E+00  0.000E+00  0.000E+00  0.000E+00
 181.0  677.92  1.022E+03  0.000E+00  0.000E+00  0.000E+00  0.000E+00  0.000E+00  0.000E+00  0.000E+00
 182.0  677.11  1.018E+03  0.000E+00  0.000E+00  0.000E+00  0.000E+00  0.000E+00  0.000E+00  0.000E+00
 183.0  676.29  1.014E+03  0.000E+00  0.000E+00  0.000E+00  0.000E+00  0.000E+00  0.000E+00  0.000E+00
 184.0  675.48  1.010E+03  0.000E+00  0.000E+00  0.000E+00  0.000E+00  0.000E+00  0.000E+00  0.000E+00
 185.0  674.67  1.006E+03  0.000E+00  0.000E+00  0.000E+00  0.000E+00  0.000E+00  0.000E+00  0.000E+00
 186.0  673.85  1.002E+03  0.000E+00  0.000E+00  0.000E+00  0.000E+00  0.000E+00  0.000E+00  0.000E+00
 187.0  673.04  9.977E+02  0.000E+00  0.000E+00  0.000E+00  0.000E+00  0.000E+00  0.000E+00  0.000E+00
 188.0  672.23  9.936E+02  0.000E+00  0.000E+00  0.000E+00  0.000E+00  0.000E+00  0.000E+00  0.000E+00
 189.0  671.41  9.895E+02  0.000E+00  0.000E+00  0.000E+00  0.000E+00  0.000E+00  0.000E+00  0.000E+00
 190.0  670.60  9.854E+02  0.000E+00  0.000E+00  0.000E+00  0.000E+00  0.000E+00  0.000E+00  0.000E+00
 191.0  669.79  9.814E+02  0.000E+00  0.000E+00  0.000E+00  0.000E+00  0.000E+00  0.000E+00  0.000E+00
 192.0  668.97  9.773E+02  0.000E+00  0.000E+00  0.000E+00  0.000E+00  0.000E+00  0.000E+00  0.000E+00
 193.0  668.16  9.733E+02  0.000E+00  0.000E+00  0.000E+00  0.000E+00  0.000E+00  0.000E+00  0.000E+00
 194.0  667.34  9.693E+02  0.000E+00  0.000E+00  0.000E+00  0.000E+00  0.000E+00  0.000E+00  0.000E+00
 195.0  666.53  9.652E+02  0.000E+00  0.000E+00  0.000E+00  0.000E+00  0.000E+00  0.000E+00  0.000E+00
 196.0  665.72  9.612E+02  0.000E+00  0.000E+00  0.000E+00  0.000E+00  0.000E+00  0.000E+00  0.000E+00
 197.0  664.90  9.573E+02  0.000E+00  0.000E+00  0.000E+00  0.000E+00  0.000E+00  0.000E+00  0.000E+00
 198.0  664.09  9.533E+02  0.000E+00  0.000E+00  0.000E+00  0.000E+00  0.000E+00  0.000E+00  0.000E+00
 199.0  663.28  9.493E+02  0.000E+00  0.000E+00  0.000E+00  0.000E+00  0.000E+00  0.000E+00  0.000E+00
 200.0  662.46  9.454E+02  0.000E+00  0.000E+00  0.000E+00  0.000E+00  0.000E+00  0.000E+00  0.000E+00
 201.0  661.65  9.414E+02  0.000E+00  0.000E+00  0.000E+00  0.000E+00  0.000E+00  0.000E+00  0.000E+00
 202.0  660.84  9.375E+02  0.000E+00  0.000E+00  0.000E+00  0.000E+00  0.000E+00  0.000E+00  0.000E+00
 203.0  660.02  9.336E+02  0.000E+00  0.000E+00  0.000E+00  0.000E+00  0.000E+00  0.000E+00  0.000E+00
 204.0  659.21  9.297E+02  0.000E+00  0.000E+00  0.000E+00  0.000E+00  0.000E+00  0.000E+00  0.000E+00
 205.0  658.39  9.258E+02  0.000E+00  0.000E+00  0.000E+00  0.000E+00  0.000E+00  0.000E+00  0.000E+00
 206.0  657.58  9.219E+02  0.000E+00  0.000E+00  0.000E+00  0.000E+00  0.000E+00  0.000E+00  0.000E+00
 207.0  656.77  9.180E+02  0.000E+00  0.000E+00  0.000E+00  0.000E+00  0.000E+00  0.000E+00  0.000E+00
 208.0  655.95  9.141E+02  0.000E+00  0.000E+00  0.000E+00  0.000E+00  0.000E+00  0.000E+00  0.000E+00
 209.0  655.14  9.103E+02  0.000E+00  0.000E+00  0.000E+00  0.000E+00  0.000E+00  0.000E+00  0.000E+00
 210.0  654.33  9.065E+02  0.000E+00  0.000E+00  0.000E+00  0.000E+00  0.000E+00  0.000E+00  0.000E+00
 211.0  653.51  9.026E+02  0.000E+00  0.000E+00  0.000E+00  0.000E+00  0.000E+00  0.000E+00  0.000E+00
 212.0  652.70  8.988E+02  0.000E+00  0.000E+00  0.000E+00  0.000E+00  0.000E+00  0.000E+00  0.000E+00
 213.0  651.88  8.950E+02  0.000E+00  0.000E+00  0.000E+00  0.000E+00  0.000E+00  0.000E+00  0.000E+00
 214.0  651.07  8.912E+02  0.000E+00  0.000E+00  0.000E+00  0.000E+00  0.000E+00  0.000E+00  0.000E+00
 215.0  650.26  8.874E+02  0.000E+00  0.000E+00  0.000E+00  0.000E+00  0.000E+00  0.000E+00  0.000E+00
 216.0  649.44  8.837E+02  0.000E+00  0.000E+00  0.000E+00  0.000E+00  0.000E+00  0.000E+00  0.000E+00
 217.0  648.63  8.799E+02  0.000E+00  0.000E+00  0.000E+00  0.000E+00  0.000E+00  0.000E+00  0.000E+00
 218.0  647.82  8.762E+02  0.000E+00  0.000E+00  0.000E+00  0.000E+00  0.000E+00  0.000E+00  0.000E+00
 219.0  647.00  8.724E+02  0.000E+00  0.000E+00  0.000E+00  0.000E+00  0.000E+00  0.000E+00  0.000E+00
 220.0  646.19  8.687E+02  0.000E+00  0.000E+00  0.000E+00  0.000E+00  0.000E+00  0.000E+00  0.000E+00
 221.0  645.37  8.650E+02  0.000E+00  0.000E+00  0.000E+00  0.000E+00  0.000E+00  0.000E+00  0.000E+00
 222.0  644.56  8.613E+02  0.000E+00  0.000E+00  0.000E+00  0.000E+00  0.000E+00  0.000E+00  0.000E+00
 223.0  643.75  8.576E+02  0.000E+00  0.000E+00  0.000E+00  0.000E+00  0.000E+00  0.000E+00  0.000E+00
 224.0  642.93  8.539E+02  0.000E+00  0.000E+00  0.000E+00  0.000E+00  0.000E+00  0.000E+00  0.000E+00
 225.0  642.12  8.503E+02  0.000E+00  0.000E+00  0.000E+00  0.000E+00  0.000E+00  0.000E+00  0.000E+00
 226.0  641.30  8.466E+02  0.000E+00  0.000E+00  0.000E+00  0.000E+00  0.000E+00  0.000E+00  0.000E+00
 227.0  640.49  8.429E+02  0.000E+00  0.000E+00  0.000E+00  0.000E+00  0.000E+00  0.000E+00  0.000E+00
 228.0  639.68  8.393E+02  0.000E+00  0.000E+00  0.000E+00  0.000E+00  0.000E+00  0.000E+00  0.000E+00
 229.0  638.86  8.357E+02  0.000E+00  0.000E+00  0.000E+00  0.000E+00  0.000E+00  0.000E+00  0.000E+00
 230.0  638.05  8.321E+02  0.000E+00  0.000E+00  0.000E+00  0.000E+00  0.000E+00  0.000E+00  0.000E+00
 231.0  637.23  8.285E+02  0.000E+00  0.000E+00  0.000E+00  0.000E+00  0.000E+00  0.000E+00  0.000E+00
 232.0  636.42  8.249E+02  0.000E+00  0.000E+00  0.000E+00  0.000E+00  0.000E+00  0.000E+00  0.000E+00
 233.0  635.61  8.213E+02  0.000E+00  0.000E+00  0.000E+00  0.000E+00  0.000E+00  0.000E+00  0.000E+00
 234.0  634.79  8.177E+02  0.000E+00  0.000E+00  0.000E+00  0.000E+00  0.000E+00  0.000E+00  0.000E+00
 235.0  633.98  8.142E+02  0.000E+00  0.000E+00  0.000E+00  0.000E+00  0.000E+00  0.000E+00  0.000E+00
 236.0  633.16  8.106E+02  0.000E+00  0.000E+00  0.000E+00  0.000E+00  0.000E+00  0.000E+00  0.000E+00
 237.0  632.35  8.071E+02  0.000E+00  0.000E+00  0.000E+00  0.000E+00  0.000E+00  0.000E+00  0.000E+00
 238.0  631.54  8.036E+02  0.000E+00  0.000E+00  0.000E+00  0.000E+00  0.000E+00  0.000E+00  0.000E+00
 239.0  630.72  8.001E+02  0.000E+00  0.000E+00  0.000E+00  0.000E+00  0.000E+00  0.000E+00  0.000E+00
 240.0  629.91  7.966E+02  0.000E+00  0.000E+00  0.000E+00  0.000E+00  0.000E+00  0.000E+00  0.000E+00
 241.0  629.09  7.931E+02  0.000E+00  0.000E+00  0.000E+00  0.000E+00  0.000E+00  0.000E+00  0.000E+00
 242.0  628.28  7.896E+02  0.000E+00  0.000E+00  0.000E+00  0.000E+00  0.000E+00  0.000E+00  0.000E+00
 243.0  627.47  7.861E+02  0.000E+00  0.000E+00  0.000E+00  0.000E+00  0.000E+00  0.000E+00  0.000E+00
 244.0  626.65  7.826E+02  0.000E+00  0.000E+00  0.000E+00  0.000E+00  0.000E+00  0.000E+00  0.000E+00
 245.0  625.84  7.792E+02  0.000E+00  0.000E+00  0.000E+00  0.000E+00  0.000E+00  0.000E+00  0.000E+00
 246.0  625.02  7.758E+02  0.000E+00  0.000E+00  0.000E+00  0.000E+00  0.000E+00  0.000E+00  0.000E+00
 247.0  624.21  7.723E+02  0.000E+00  0.000E+00  0.000E+00  0.000E+00  0.000E+00  0.000E+00  0.000E+00
 248.0  623.40  7.689E+02  0.000E+00  0.000E+00  0.000E+00  0.000E+00  0.000E+00  0.000E+00  0.000E+00
 249.0  622.58  7.655E+02  0.000E+00  0.000E+00  0.000E+00  0.000E+00  0.000E+00  0.000E+00  0.000E+00
 250.0  621.77  7.621E+02  0.000E+00  0.000E+00  0.000E+00  0.000E+00  0.000E+00  0.000E+00  0.000E+00
 251.0  620.95  7.587E+02  0.000E+00  0.000E+00  0.000E+00  0.000E+00  0.000E+00  0.000E+00  0.000E+00
 252.0  620.14  7.553E+02  0.000E+00  0.000E+00  0.000E+00  0.000E+00  0.000E+00  0.000E+00  0.000E+00
 253.0  619.32  7.520E+02  0.000E+00  0.000E+00  0.000E+00  0.000E+00  0.000E+00  0.000E+00  0.000E+00
 254.0  618.51  7.486E+02  0.000E+00  0.000E+00  0.000E+00  0.000E+00  0.000E+00  0.000E+00  0.000E+00
 255.0  617.70  7.453E+02  0.000E+00  0.000E+00  0.000E+00  0.000E+00  0.000E+00  0.000E+00  0.000E+00
 256.0  616.88  7.420E+02  0.000E+00  0.000E+00  0.000E+00  0.000E+00  0.000E+00  0.000E+00  0.000E+00
 257.0  616.07  7.386E+02  0.000E+00  0.000E+00  0.000E+00  0.000E+00  0.000E+00  0.000E+00  0.000E+00
 258.0  615.25  7.353E+02  0.000E+00  0.000E+00  0.000E+00  0.000E+00  0.000E+00  0.000E+00  0.000E+00
 259.0  614.44  7.320E+02  0.000E+00  0.000E+00  0.000E+00  0.000E+00  0.000E+00  0.000E+00  0.000E+00
 260.0  613.62  7.287E+02  0.000E+00  0.000E+00  0.000E+00  0.000E+00  0.000E+00  0.000E+00  0.000E+00
 261.0  612.81  7.255E+02  0.000E+00  0.000E+00  0.000E+00  0.000E+00  0.000E+00  0.000E+00  0.000E+00
 262.0  612.00  7.222E+02  0.000E+00  0.000E+00  0.000E+00  0.000E+00  0.000E+00  0.000E+00  0.000E+00
 263.0  611.18  7.189E+02  0.000E+00  0.000E+00  0.000E+00  0.000E+00  0.000E+00  0.000E+00  0.000E+00
 264.0  610.37  7.157E+02  0.000E+00  0.000E+00  0.000E+00  0.000E+00  0.000E+00  0.000E+00  0.000E+00
 265.0  609.55  7.124E+02  0.000E+00  0.000E+00  0.000E+00  0.000E+00  0.000E+00  0.000E+00  0.000E+00
 266.0  608.74  7.092E+02  0.000E+00  0.000E+00  0.000E+00  0.000E+00  0.000E+00  0.000E+00  0.000E+00
 267.0  607.92  7.060E+02  0.000E+00  0.000E+00  0.000E+00  0.000E+00  0.000E+00  0.000E+00  0.000E+00
 268.0  607.11  7.028E+02  0.000E+00  0.000E+00  0.000E+00  0.000E+00  0.000E+00  0.000E+00  0.000E+00
 269.0  606.30  6.996E+02  0.000E+00  0.000E+00  0.000E+00  0.000E+00  0.000E+00  0.000E+00  0.000E+00
 270.0  605.48  6.964E+02  0.000E+00  0.000E+00  0.000E+00  0.000E+00  0.000E+00  0.000E+00  0.000E+00
 271.0  604.67  6.932E+02  0.000E+00  0.000E+00  0.000E+00  0.000E+00  0.000E+00  0.000E+00  0.000E+00
 272.0  603.85  6.901E+02  0.000E+00  0.000E+00  0.000E+00  0.000E+00  0.000E+00  0.000E+00  0.000E+00
 273.0  603.04  6.869E+02  0.000E+00  0.000E+00  0.000E+00  0.000E+00  0.000E+00  0.000E+00  0.000E+00
 274.0  602.22  6.838E+02  0.000E+00  0.000E+00  0.000E+00  0.000E+00  0.000E+00  0.000E+00  0.000E+00
 275.0  601.41  6.806E+02  0.000E+00  0.000E+00  0.000E+00  0.000E+00  0.000E+00  0.000E+00  0.000E+00
 276.0  600.60  6.775E+02  0.000E+00  0.000E+00  0.000E+00  0.000E+00  0.000E+00  0.000E+00  0.000E+00
 277.0  599.78  6.744E+02  0.000E+00  0.000E+00  0.000E+00  0.000E+00  0.000E+00  0.000E+00  0.000E+00
 278.0  598.97  6.713E+02  0.000E+00  0.000E+00  0.000E+00  0.000E+00  0.000E+00  0.000E+00  0.000E+00
 279.0  598.15  6.682E+02  0.000E+00  0.000E+00  0.000E+00  0.000E+00  0.000E+00  0.000E+00  0.000E+00
 280.0  597.34  6.651E+02  0.000E+00  0.000E+00  0.000E+00  0.000E+00  0.000E+00  0.000E+00  0.000E+00
 281.0  596.52  6.620E+02  0.000E+00  0.000E+00  0.000E+00  0.000E+00  0.000E+00  0.000E+00  0.000E+00
 282.0  595.71  6.590E+02  0.000E+00  0.000E+00  0.000E+00  0.000E+00  0.000E+00  0.000E+00  0.000E+00
 283.0  594.89  6.559E+02  0.000E+00  0.000E+00  0.000E+00  0.000E+00  0.000E+00  0.000E+00  0.000E+00
 284.0  594.08  6.529E+02  0.000E+00  0.000E+00  0.000E+00  0.000E+00  0.000E+00  0.000E+00  0.000E+00
 285.0  593.27  6.498E+02  0.000E+00  0.000E+00  0.000E+00  0.000E+00  0.000E+00  0.000E+00  0.000E+00
 286.0  592.45  6.468E+02  0.000E+00  0.000E+00  0.000E+00  0.000E+00  0.000E+00  0.000E+00  0.000E+00
 287.0  591.64  6.438E+02  0.000E+00  0.000E+00  0.000E+00  0.000E+00  0.000E+00  0.000E+00  0.000E+00
 288.0  590.82  6.408E+02  0.000E+00  0.000E+00  0.000E+00  0.000E+00  0.000E+00  0.000E+00  0.000E+00
 289.0  590.01  6.378E+02  0.000E+00  0.000E+00  0.000E+00  0.000E+00  0.000E+00  0.000E+00  0.000E+00
 290.0  589.19  6.348E+02  0.000E+00  0.000E+00  0.000E+00  0.000E+00  0.000E+00  0.000E+00  0.000E+00
 291.0  588.38  6.318E+02  0.000E+00  0.000E+00  0.000E+00  0.000E+00  0.000E+00  0.000E+00  0.000E+00
 292.0  587.56  6.289E+02  0.000E+00  0.000E+00  0.000E+00  0.000E+00  0.000E+00  0.000E+00  0.000E+00
 293.0  586.75  6.259E+02  0.000E+00  0.000E+00  0.000E+00  0.000E+00  0.000E+00  0.000E+00  0.000E+00
 294.0  585.93  6.229E+02  0.000E+00  0.000E+00  0.000E+00  0.000E+00  0.000E+00  0.000E+00  0.000E+00
 295.0  585.12  6.200E+02  0.000E+00  0.000E+00  0.000E+00  0.000E+00  0.000E+00  0.000E+00  0.000E+00
 296.0  584.31  6.171E+02  0.000E+00  0.000E+00  0.000E+00  0.000E+00  0.000E+00  0.000E+00  0.000E+00
 297.0  583.49  6.142E+02  0.000E+00  0.000E+00  0.000E+00  0.000E+00  0.000E+00  0.000E+00  0.000E+00
 298.0  582.68  6.113E+02  0.000E+00  0.000E+00  0.000E+00  0.000E+00  0.000E+00  0.000E+00  0.000E+00
 299.0  581.86  6.084E+02  0.000E+00  0.000E+00  0.000E+00  0.000E+00  0.000E+00  0.000E+00  0.000E+00
 300.0  581.05  6.055E+02  0.000E+00  0.000E+00  0.000E+00  0.000E+00  0.000E+00  0.000E+00  0.000E+00
 301.0  580.23  6.026E+02  0.000E+00  0.000E+00  0.000E+00  0.000E+00  0.000E+00  0.000E+00  0.000E+00
 302.0  579.42  5.997E+02  0.000E+00  0.000E+00  0.000E+00  0.000E+00  0.000E+00  0.000E+00  0.000E+00
 303.0  578.60  5.969E+02  0.000E+00  0.000E+00  0.000E+00  0.000E+00  0.000E+00  0.000E+00  0.000E+00
 304.0  577.79  5.940E+02  0.000E+00  0.000E+00  0.000E+00  0.000E+00  0.000E+00  0.000E+00  0.000E+00
 305.0  576.97  5.912E+02  0.000E+00  0.000E+00  0.000E+00  0.000E+00  0.000E+00  0.000E+00  0.000E+00
 306.0  576.16  5.884E+02  0.000E+00  0.000E+00  0.000E+00  0.000E+00  0.000E+00  0.000E+00  0.000E+00
 307.0  575.34  5.855E+02  0.000E+00  0.000E+00  0.000E+00  0.000E+00  0.000E+00  0.000E+00  0.000E+00
 308.0  574.53  5.827E+02  0.000E+00  0.000E+00  0.000E+00  0.000E+00  0.000E+00  0.000E+00  0.000E+00
 309.0  573.72  5.799E+02  0.000E+00  0.000E+00  0.000E+00  0.000E+00  0.000E+00  0.000E+00  0.000E+00
 310.0  572.90  5.771E+02  0.000E+00  0.000E+00  0.000E+00  0.000E+00  0.000E+00  0.000E+00  0.000E+00
 311.0  572.09  5.744E+02  0.000E+00  0.000E+00  0.000E+00  0.000E+00  0.000E+00  0.000E+00  0.000E+00
 312.0  571.27  5.716E+02  0.000E+00  0.000E+00  0.000E+00  0.000E+00  0.000E+00  0.000E+00  0.000E+00
 313.0  570.46  5.688E+02  0.000E+00  0.000E+00  0.000E+00  0.000E+00  0.000E+00  0.000E+00  0.000E+00
 314.0  569.64  5.661E+02  0.000E+00  0.000E+00  0.000E+00  0.000E+00  0.000E+00  0.000E+00  0.000E+00
 315.0  568.83  5.633E+02  0.000E+00  0.000E+00  0.000E+00  0.000E+00  0.000E+00  0.000E+00  0.000E+00
 316.0  568.01  5.606E+02  0.000E+00  0.000E+00  0.000E+00  0.000E+00  0.000E+00  0.000E+00  0.000E+00
 317.0  567.20  5.579E+02  0.000E+00  0.000E+00  0.000E+00  0.000E+00  0.000E+00  0.000E+00  0.000E+00
 318.0  566.38  5.551E+02  0.000E+00  0.000E+00  0.000E+00  0.000E+00  0.000E+00  0.000E+00  0.000E+00
 319.0  565.57  5.524E+02  0.000E+00  0.000E+00  0.000E+00  0.000E+00  0.000E+00  0.000E+00  0.000E+00
 320.0  564.75  5.497E+02  0.000E+00  0.000E+00  0.000E+00  0.000E+00  0.000E+00  0.000E+00  0.000E+00
 321.0  563.94  5.471E+02  0.000E+00  0.000E+00  0.000E+00  0.000E+00  0.000E+00  0.000E+00  0.000E+00
 322.0  563.12  5.444E+02  0.000E+00  0.000E+00  0.000E+00  0.000E+00  0.000E+00  0.000E+00  0.000E+00
 323.0  562.31  5.417E+02  0.000E+00  0.000E+00  0.000E+00  0.000E+00  0.000E+00  0.000E+00  0.000E+00
 324.0  561.49  5.390E+02  0.000E+00  0.000E+00  0.000E+00  0.000E+00  0.000E+00  0.000E+00  0.000E+00
 325.0  560.68  5.364E+02  0.000E+00  0.000E+00  0.000E+00  0.000E+00  0.000E+00  0.000E+00  0.000E+00
 326.0  559.86  5.337E+02  0.000E+00  0.000E+00  0.000E+00  0.000E+00  0.000E+00  0.000E+00  0.000E+00
 327.0  559.05  5.311E+02  0.000E+00  0.000E+00  0.000E+00  0.000E+00  0.000E+00  0.000E+00  0.000E+00
 328.0  558.23  5.285E+02  0.000E+00  0.000E+00  0.000E+00  0.000E+00  0.000E+00  0.000E+00  0.000E+00
 329.0  557.42  5.259E+02  0.000E+00  0.000E+00  0.000E+00  0.000E+00  0.000E+00  0.000E+00  0.000E+00
 330.0  556.60  5.233E+02  0.000E+00  0.000E+00  0.000E+00  0.000E+00  0.000E+00  0.000E+00  0.000E+00
 331.0  555.79  5.207E+02  0.000E+00  0.000E+00  0.000E+00  0.000E+00  0.000E+00  0.000E+00  0.000E+00
 332.0  554.98  5.181E+02  0.000E+00  0.000E+00  0.000E+00  0.000E+00  0.000E+00  0.000E+00  0.000E+00
 333.0  554.16  5.155E+02  0.000E+00  0.000E+00  0.000E+00  0.000E+00  0.000E+00  0.000E+00  0.000E+00
 334.0  553.35  5.129E+02  0.000E+00  0.000E+00  0.000E+00  0.000E+00  0.000E+00  0.000E+00  0.000E+00
 335.0  552.53  5.104E+02  0.000E+00  0.000E+00  0.000E+00  0.000E+00  0.000E+00  0.000E+00  0.000E+00
 336.0  551.72  5.078E+02  0.000E+00  0.000E+00  0.000E+00  0.000E+00  0.000E+00  0.000E+00  0.000E+00
 337.0  550.90  5.053E+02  0.000E+00  0.000E+00  0.000E+00  0.000E+00  0.000E+00  0.000E+00  0.000E+00
 338.0  550.09  5.028E+02  0.000E+00  0.000E+00  0.000E+00  0.000E+00  0.000E+00  0.000E+00  0.000E+00
 339.0  549.27  5.002E+02  0.000E+00  0.000E+00  0.000E+00  0.000E+00  0.000E+00  0.000E+00  0.000E+00
 340.0  548.46  4.977E+02  0.000E+00  0.000E+00  0.000E+00  0.000E+00  0.000E+00  0.000E+00  0.000E+00
 341.0  547.64  4.952E+02  0.000E+00  0.000E+00  0.000E+00  0.000E+00  0.000E+00  0.000E+00  0.000E+00
 342.0  546.83  4.927E+02  0.000E+00  0.000E+00  0.000E+00  0.000E+00  0.000E+00  0.000E+00  0.000E+00
 343.0  546.01  4.902E+02  0.000E+00  0.000E+00  0.000E+00  0.000E+00  0.000E+00  0.000E+00  0.000E+00
 344.0  545.20  4.878E+02  0.000E+00  0.000E+00  0.000E+00  0.000E+00  0.000E+00  0.000E+00  0.000E+00
 345.0  544.38  4.853E+02  0.000E+00  0.000E+00  0.000E+00  0.000E+00  0.000E+00  0.000E+00  0.000E+00
 346.0  543.57  4.828E+02  0.000E+00  0.000E+00  0.000E+00  0.000E+00  0.000E+00  0.000E+00  0.000E+00
 347.0  542.75  4.804E+02  0.000E+00  0.000E+00  0.000E+00  0.000E+00  0.000E+00  0.000E+00  0.000E+00
 348.0  541.94  4.779E+02  0.000E+00  0.000E+00  0.000E+00  0.000E+00  0.000E+00  0.000E+00  0.000E+00
 349.0  541.12  4.755E+02  0.000E+00  0.000E+00  0.000E+00  0.000E+00  0.000E+00  0.000E+00  0.000E+00
 350.0  540.31  4.731E+02  0.000E+00  0.000E+00  0.000E+00  0.000E+00  0.000E+00  0.000E+00  0.000E+00
 351.0  539.49  4.706E+02  0.000E+00  0.000E+00  0.000E+00  0.000E+00  0.000E+00  0.000E+00  0.000E+00
 352.0  538.68  4.682E+02  0.000E+00  0.000E+00  0.000E+00  0.000E+00  0.000E+00  0.000E+00  0.000E+00
 353.0  537.86  4.658E+02  0.000E+00  0.000E+00  0.000E+00  0.000E+00  0.000E+00  0.000E+00  0.000E+00
 354.0  537.05  4.634E+02  0.000E+00  0.000E+00  0.000E+00  0.000E+00  0.000E+00  0.000E+00  0.000E+00
 355.0  536.23  4.611E+02  0.000E+00  0.000E+00  0.000E+00  0.000E+00  0.000E+00  0.000E+00  0.000E+00
 356.0  535.42  4.587E+02  0.000E+00  0.000E+00  0.000E+00  0.000E+00  0.000E+00  0.000E+00  0.000E+00
 357.0  534.60  4.563E+02  0.000E+00  0.000E+00  0.000E+00  0.000E+00  0.000E+00  0.000E+00  0.000E+00
 358.0  533.79  4.540E+02  0.000E+00  0.000E+00  0.000E+00  0.000E+00  0.000E+00  0.000E+00  0.000E+00
 359.0  532.97  4.516E+02  0.000E+00  0.000E+00  0.000E+00  0.000E+00  0.000E+00  0.000E+00  0.000E+00
 360.0  532.16  4.493E+02  0.000E+00  0.000E+00  0.000E+00  0.000E+00  0.000E+00  0.000E+00  0.000E+00
 361.0  531.34  4.469E+02  0.000E+00  0.000E+00  0.000E+00  0.000E+00  0.000E+00  0.000E+00  0.000E+00
 362.0  530.53  4.446E+02  0.000E+00  0.000E+00  0.000E+00  0.000E+00  0.000E+00  0.000E+00  0.000E+00
 363.0  529.71  4.423E+02  0.000E+00  0.000E+00  0.000E+00  0.000E+00  0.000E+00  0.000E+00  0.000E+00
 364.0  528.90  4.400E+02  0.000E+00  0.000E+00  0.000E+00  0.000E+00  0.000E+00  0.000E+00  0.000E+00
 365.0  528.08  4.377E+02  0.000E+00  0.000E+00  0.000E+00  0.000E+00  0.000E+00  0.000E+00  0.000E+00
 366.0  527.27  4.354E+02  0.000E+00  0.000E+00  0.000E+00  0.000E+00  0.000E+00  0.000E+00  0.000E+00
 367.0  526.45  4.331E+02  0.000E+00  0.000E+00  0.000E+00  0.000E+00  0.000E+00  0.000E+00  0.000E+00
 368.0  525.64  4.309E+02  0.000E+00  0.000E+00  0.000E+00  0.000E+00  0.000E+00  0.000E+00  0.000E+00
 369.0  524.82  4.286E+02  0.000E+00  0.000E+00  0.000E+00  0.000E+00  0.000E+00  0.000E+00  0.000E+00
 370.0  524.00  4.263E+02  0.000E+00  0.000E+00  0.000E+00  0.000E+00  0.000E+00  0.000E+00  0.000E+00
 371.0  523.19  4.241E+02  0.000E+00  0.000E+00  0.000E+00  0.000E+00  0.000E+00  0.000E+00  0.000E+00
 372.0  522.37  4.219E+02  0.000E+00  0.000E+00  0.000E+00  0.000E+00  0.000E+00  0.000E+00  0.000E+00
 373.0  521.56  4.196E+02  0.000E+00  0.000E+00  0.000E+00  0.000E+00  0.000E+00  0.000E+00  0.000E+00
 374.0  520.74  4.174E+02  0.000E+00  0.000E+00  0.000E+00  0.000E+00  0.000E+00  0.000E+00  0.000E+00
 375.0  519.93  4.152E+02  0.000E+00  0.000E+00  0.000E+00  0.000E+00  0.000E+00  0.000E+00  0.000E+00
 376.0  519.11  4.130E+02  0.000E+00  0.000E+00  0.000E+00  0.000E+00  0.000E+00  0.000E+00  0.000E+00
 377.0  518.30  4.108E+02  0.000E+00  0.000E+00  0.000E+00  0.000E+00  0.000E+00  0.000E+00  0.000E+00
 378.0  517.48  4.086E+02  0.000E+00  0.000E+00  0.000E+00  0.000E+00  0.000E+00  0.000E+00  0.000E+00
 379.0  516.67  4.064E+02  0.000E+00  0.000E+00  0.000E+00  0.000E+00  0.000E+00  0.000E+00  0.000E+00
 380.0  515.85  4.043E+02  0.000E+00  0.000E+00  0.000E+00  0.000E+00  0.000E+00  0.000E+00  0.000E+00
 381.0  515.04  4.021E+02  0.000E+00  0.000E+00  0.000E+00  0.000E+00  0.000E+00  0.000E+00  0.000E+00
 382.0  514.22  3.999E+02  0.000E+00  0.000E+00  0.000E+00  0.000E+00  0.000E+00  0.000E+00  0.000E+00
 383.0  513.41  3.978E+02  0.000E+00  0.000E+00  0.000E+00  0.000E+00  0.000E+00  0.000E+00  0.000E+00
 384.0  512.59  3.956E+02  0.000E+00  0.000E+00  0.000E+00  0.000E+00  0.000E+00  0.000E+00  0.000E+00
 385.0  511.78  3.935E+02  0.000E+00  0.000E+00  0.000E+00  0.000E+00  0.000E+00  0.000E+00  0.000E+00
 386.0  510.96  3.914E+02  0.000E+00  0.000E+00  0.000E+00  0.000E+00  0.000E+00  0.000E+00  0.000E+00
 387.0  510.15  3.893E+02  0.000E+00  0.000E+00  0.000E+00  0.000E+00  0.000E+00  0.000E+00  0.000E+00
 388.0  509.33  3.872E+02  0.000E+00  0.000E+00  0.000E+00  0.000E+00  0.000E+00  0.000E+00  0.000E+00
 389.0  508.52  3.851E+02  0.000E+00  0.000E+00  0.000E+00  0.000E+00  0.000E+00  0.000E+00  0.000E+00
 390.0  507.70  3.830E+02  0.000E+00  0.000E+00  0.000E+00  0.000E+00  0.000E+00  0.000E+00  0.000E+00
 391.0  506.89  3.809E+02  0.000E+00  0.000E+00  0.000E+00  0.000E+00  0.000E+00  0.000E+00  0.000E+00
 392.0  506.07  3.788E+02  0.000E+00  0.000E+00  0.000E+00  0.000E+00  0.000E+00  0.000E+00  0.000E+00
 393.0  505.25  3.768E+02  0.000E+00  0.000E+00  0.000E+00  0.000E+00  0.000E+00  0.000E+00  0.000E+00
 394.0  504.44  3.747E+02  0.000E+00  0.000E+00  0.000E+00  0.000E+00  0.000E+00  0.000E+00  0.000E+00
 395.0  503.62  3.727E+02  0.000E+00  0.000E+00  0.000E+00  0.000E+00  0.000E+00  0.000E+00  0.000E+00
 396.0  502.81  3.706E+02  0.000E+00  0.000E+00  0.000E+00  0.000E+00  0.000E+00  0.000E+00  0.000E+00
 397.0  501.99  3.686E+02  0.000E+00  0.000E+00  0.000E+00  0.000E+00  0.000E+00  0.000E+00  0.000E+00
 398.0  501.18  3.665E+02  0.000E+00  0.000E+00  0.000E+00  0.000E+00  0.000E+00  0.000E+00  0.000E+00
 399.0  500.36  3.645E+02  0.000E+00  0.000E+00  0.000E+00  0.000E+00  0.000E+00  0.000E+00  0.000E+00
 400.0  499.55  3.625E+02  0.000E+00  0.000E+00  0.000E+00  0.000E+00  0.000E+00  0.000E+00  0.000E+00
 401.0  498.73  3.605E+02  0.000E+00  0.000E+00  0.000E+00  0.000E+00  0.000E+00  0.000E+00  0.000E+00
 402.0  497.92  3.585E+02  0.000E+00  0.000E+00  0.000E+00  0.000E+00  0.000E+00  0.000E+00  0.000E+00
 403.0  497.10  3.565E+02  0.000E+00  0.000E+00  0.000E+00  0.000E+00  0.000E+00  0.000E+00  0.000E+00
 404.0  496.29  3.545E+02  0.000E+00  0.000E+00  0.000E+00  0.000E+00  0.000E+00  0.000E+00  0.000E+00
 405.0  495.47  3.526E+02  0.000E+00  0.000E+00  0.000E+00  0.000E+00  0.000E+00  0.000E+00  0.000E+00
 406.0  494.66  3.506E+02  0.000E+00  0.000E+00  0.000E+00  0.000E+00  0.000E+00  0.000E+00  0.000E+00
 407.0  493.84  3.487E+02  0.000E+00  0.000E+00  0.000E+00  0.000E+00  0.000E+00  0.000E+00  0.000E+00
 408.0  493.03  3.467E+02  0.000E+00  0.000E+00  0.000E+00  0.000E+00  0.000E+00  0.000E+00  0.000E+00
 409.0  492.21  3.448E+02  0.000E+00  0.000E+00  0.000E+00  0.000E+00  0.000E+00  0.000E+00  0.000E+00
 410.0  491.39  3.428E+02  0.000E+00  0.000E+00  0.000E+00  0.000E+00  0.000E+00  0.000E+00  0.000E+00
 411.0  490.58  3.409E+02  0.000E+00  0.000E+00  0.000E+00  0.000E+00  0.000E+00  0.000E+00  0.000E+00
 412.0  489.76  3.390E+02  0.000E+00  0.000E+00  0.000E+00  0.000E+00  0.000E+00  0.000E+00  0.000E+00
 413.0  488.95  3.371E+02  0.000E+00  0.000E+00  0.000E+00  0.000E+00  0.000E+00  0.000E+00  0.000E+00
 414.0  488.13  3.352E+02  0.000E+00  0.000E+00  0.000E+00  0.000E+00  0.000E+00  0.000E+00  0.000E+00
 415.0  487.32  3.333E+02  0.000E+00  0.000E+00  0.000E+00  0.000E+00  0.000E+00  0.000E+00  0.000E+00
 416.0  486.50  3.314E+02  0.000E+00  0.000E+00  0.000E+00  0.000E+00  0.000E+00  0.000E+00  0.000E+00
 417.0  485.69  3.295E+02  0.000E+00  0.000E+00  0.000E+00  0.000E+00  0.000E+00  0.000E+00  0.000E+00
 418.0  484.87  3.276E+02  0.000E+00  0.000E+00  0.000E+00  0.000E+00  0.000E+00  0.000E+00  0.000E+00
 419.0  484.06  3.258E+02  0.000E+00  0.000E+00  0.000E+00  0.000E+00  0.000E+00  0.000E+00  0.000E+00
 420.0  483.24  3.239E+02  0.000E+00  0.000E+00  0.000E+00  0.000E+00  0.000E+00  0.000E+00  0.000E+00
 421.0  482.42  3.221E+02  0.000E+00  0.000E+00  0.000E+00  0.000E+00  0.000E+00  0.000E+00  0.000E+00
 422.0  481.61  3.202E+02  0.000E+00  0.000E+00  0.000E+00  0.000E+00  0.000E+00  0.000E+00  0.000E+00
 423.0  480.79  3.184E+02  0.000E+00  0.000E+00  0.000E+00  0.000E+00  0.000E+00  0.000E+00  0.000E+00
 424.0  479.98  3.166E+02  0.000E+00  0.000E+00  0.000E+00  0.000E+00  0.000E+00  0.000E+00  0.000E+00
 425.0  479.16  3.147E+02  0.000E+00  0.000E+00  0.000E+00  0.000E+00  0.000E+00  0.000E+00  0.000E+00
 426.0  478.35  3.129E+02  0.000E+00  0.000E+00  0.000E+00  0.000E+00  0.000E+00  0.000E+00  0.000E+00
 427.0  477.53  3.111E+02  0.000E+00  0.000E+00  0.000E+00  0.000E+00  0.000E+00  0.000E+00  0.000E+00
 428.0  476.72  3.093E+02  0.000E+00  0.000E+00  0.000E+00  0.000E+00  0.000E+00  0.000E+00  0.000E+00
 429.0  475.90  3.075E+02  0.000E+00  0.000E+00  0.000E+00  0.000E+00  0.000E+00  0.000E+00  0.000E+00
 430.0  475.09  3.057E+02  0.000E+00  0.000E+00  0.000E+00  0.000E+00  0.000E+00  0.000E+00  0.000E+00
 431.0  474.27  3.040E+02  0.000E+00  0.000E+00  0.000E+00  0.000E+00  0.000E+00  0.000E+00  0.000E+00
 432.0  473.45  3.022E+02  0.000E+00  0.000E+00  0.000E+00  0.000E+00  0.000E+00  0.000E+00  0.000E+00
 433.0  472.64  3.004E+02  0.000E+00  0.000E+00  0.000E+00  0.000E+00  0.000E+00  0.000E+00  0.000E+00
 434.0  471.82  2.987E+02  0.000E+00  0.000E+00  0.000E+00  0.000E+00  0.000E+00  0.000E+00  0.000E+00
 435.0  471.01  2.969E+02  0.000E+00  0.000E+00  0.000E+00  0.000E+00  0.000E+00  0.000E+00  0.000E+00
 436.0  470.19  2.952E+02  0.000E+00  0.000E+00  0.000E+00  0.000E+00  0.000E+00  0.000E+00  0.000E+00
 437.0  469.38  2.935E+02  0.000E+00  0.000E+00  0.000E+00  0.000E+00  0.000E+00  0.000E+00  0.000E+00
 438.0  468.56  2.917E+02  0.000E+00  0.000E+00  0.000E+00  0.000E+00  0.000E+00  0.000E+00  0.000E+00
 439.0  467.75  2.900E+02  0.000E+00  0.000E+00  0.000E+00  0.000E+00  0.000E+00  0.000E+00  0.000E+00
 440.0  466.93  2.883E+02  0.000E+00  0.000E+00  0.000E+00  0.000E+00  0.000E+00  0.000E+00  0.000E+00
 441.0  466.11  2.866E+02  0.000E+00  0.000E+00  0.000E+00  0.000E+00  0.000E+00  0.000E+00  0.000E+00
 442.0  465.30  2.849E+02  0.000E+00  0.000E+00  0.000E+00  0.000E+00  0.000E+00  0.000E+00  0.000E+00
 443.0  464.48  2.832E+02  0.000E+00  0.000E+00  0.000E+00  0.000E+00  0.000E+00  0.000E+00  0.000E+00
 444.0  463.67  2.815E+02  0.000E+00  0.000E+00  0.000E+00  0.000E+00  0.000E+00  0.000E+00  0.000E+00
 445.0  462.85  2.798E+02  0.000E+00  0.000E+00  0.000E+00  0.000E+00  0.000E+00  0.000E+00  0.000E+00
 446.0  462.04  2.782E+02  0.000E+00  0.000E+00  0.000E+00  0.000E+00  0.000E+00  0.000E+00  0.000E+00
 447.0  461.22  2.765E+02  0.000E+00  0.000E+00  0.000E+00  0.000E+00  0.000E+00  0.000E+00  0.000E+00
 448.0  460.41  2.749E+02  0.000E+00  0.000E+00  0.000E+00  0.000E+00  0.000E+00  0.000E+00  0.000E+00
 449.0  459.59  2.732E+02  0.000E+00  0.000E+00  0.000E+00  0.000E+00  0.000E+00  0.000E+00  0.000E+00
 450.0  458.77  2.716E+02  0.000E+00  0.000E+00  0.000E+00  0.000E+00  0.000E+00  0.000E+00  0.000E+00
 451.0  457.96  2.699E+02  0.000E+00  0.000E+00  0.000E+00  0.000E+00  0.000E+00  0.000E+00  0.000E+00
 452.0  457.14  2.683E+02  0.000E+00  0.000E+00  0.000E+00  0.000E+00  0.000E+00  0.000E+00  0.000E+00
 453.0  456.33  2.667E+02  0.000E+00  0.000E+00  0.000E+00  0.000E+00  0.000E+00  0.000E+00  0.000E+00
 454.0  455.51  2.651E+02  0.000E+00  0.000E+00  0.000E+00  0.000E+00  0.000E+00  0.000E+00  0.000E+00
 455.0  454.70  2.635E+02  0.000E+00  0.000E+00  0.000E+00  0.000E+00  0.000E+00  0.000E+00  0.000E+00
 456.0  453.88  2.619E+02  0.000E+00  0.000E+00  0.000E+00  0.000E+00  0.000E+00  0.000E+00  0.000E+00
 457.0  453.07  2.603E+02  0.000E+00  0.000E+00  0.000E+00  0.000E+00  0.000E+00  0.000E+00  0.000E+00
 458.0  452.25  2.587E+02  0.000E+00  0.000E+00  0.000E+00  0.000E+00  0.000E+00  0.000E+00  0.000E+00
 459.0  451.43  2.571E+02  0.000E+00  0.000E+00  0.000E+00  0.000E+00  0.000E+00  0.000E+00  0.000E+00
 460.0  450.62  2.555E+02  0.000E+00  0.000E+00  0.000E+00  0.000E+00  0.000E+00  0.000E+00  0.000E+00
 461.0  449.80  2.540E+02  0.000E+00  0.000E+00  0.000E+00  0.000E+00  0.000E+00  0.000E+00  0.000E+00
 462.0  448.99  2.524E+02  0.000E+00  0.000E+00  0.000E+00  0.000E+00  0.000E+00  0.000E+00  0.000E+00
 463.0  448.17  2.509E+02  0.000E+00  0.000E+00  0.000E+00  0.000E+00  0.000E+00  0.000E+00  0.000E+00
 464.0  447.36  2.493E+02  0.000E+00  0.000E+00  0.000E+00  0.000E+00  0.000E+00  0.000E+00  0.000E+00
 465.0  446.54  2.478E+02  0.000E+00  0.000E+00  0.000E+00  0.000E+00  0.000E+00  0.000E+00  0.000E+00
 466.0  445.72  2.463E+02  0.000E+00  0.000E+00  0.000E+00  0.000E+00  0.000E+00  0.000E+00  0.000E+00
 467.0  444.91  2.447E+02  0.000E+00  0.000E+00  0.000E+00  0.000E+00  0.000E+00  0.000E+00  0.000E+00
 468.0  444.09  2.432E+02  0.000E+00  0.000E+00  0.000E+00  0.000E+00  0.000E+00  0.000E+00  0.000E+00
 469.0  443.28  2.417E+02  0.000E+00  0.000E+00  0.000E+00  0.000E+00  0.000E+00  0.000E+00  0.000E+00
 470.0  442.46  2.402E+02  0.000E+00  0.000E+00  0.000E+00  0.000E+00  0.000E+00  0.000E+00  0.000E+00
 471.0  441.65  2.387E+02  0.000E+00  0.000E+00  0.000E+00  0.000E+00  0.000E+00  0.000E+00  0.000E+00
 472.0  440.83  2.372E+02  0.000E+00  0.000E+00  0.000E+00  0.000E+00  0.000E+00  0.000E+00  0.000E+00
 473.0  440.01  2.357E+02  0.000E+00  0.000E+00  0.000E+00  0.000E+00  0.000E+00  0.000E+00  0.000E+00
 474.0  439.20  2.342E+02  0.000E+00  0.000E+00  0.000E+00  0.000E+00  0.000E+00  0.000E+00  0.000E+00
 475.0  438.38  2.328E+02  0.000E+00  0.000E+00  0.000E+00  0.000E+00  0.000E+00  0.000E+00  0.000E+00
 476.0  437.57  2.313E+02  0.000E+00  0.000E+00  0.000E+00  0.000E+00  0.000E+00  0.000E+00  0.000E+00
 477.0  436.75  2.298E+02  0.000E+00  0.000E+00  0.000E+00  0.000E+00  0.000E+00  0.000E+00  0.000E+00
 478.0  435.93  2.284E+02  0.000E+00  0.000E+00  0.000E+00  0.000E+00  0.000E+00  0.000E+00  0.000E+00
 479.0  435.12  2.269E+02  0.000E+00  0.000E+00  0.000E+00  0.000E+00  0.000E+00  0.000E+00  0.000E+00
 480.0  434.30  2.255E+02  0.000E+00  0.000E+00  0.000E+00  0.000E+00  0.000E+00  0.000E+00  0.000E+00
 481.0  433.49  2.241E+02  0.000E+00  0.000E+00  0.000E+00  0.000E+00  0.000E+00  0.000E+00  0.000E+00
 482.0  432.67  2.226E+02  0.000E+00  0.000E+00  0.000E+00  0.000E+00  0.000E+00  0.000E+00  0.000E+00
 483.0  431.86  2.212E+02  0.000E+00  0.000E+00  0.000E+00  0.000E+00  0.000E+00  0.000E+00  0.000E+00
 484.0  431.04  2.198E+02  0.000E+00  0.000E+00  0.000E+00  0.000E+00  0.000E+00  0.000E+00  0.000E+00
 485.0  430.22  2.184E+02  0.000E+00  0.000E+00  0.000E+00  0.000E+00  0.000E+00  0.000E+00  0.000E+00
 486.0  429.41  2.170E+02  0.000E+00  0.000E+00  0.000E+00  0.000E+00  0.000E+00  0.000E+00  0.000E+00
 487.0  428.59  2.156E+02  0.000E+00  0.000E+00  0.000E+00  0.000E+00  0.000E+00  0.000E+00  0.000E+00
 488.0  427.78  2.142E+02  0.000E+00  0.000E+00  0.000E+00  0.000E+00  0.000E+00  0.000E+00  0.000E+00
 489.0  426.96  2.128E+02  0.000E+00  0.000E+00  0.000E+00  0.000E+00  0.000E+00  0.000E+00  0.000E+00
 490.0  426.14  2.115E+02  0.000E+00  0.000E+00  0.000E+00  0.000E+00  0.000E+00  0.000E+00  0.000E+00
 491.0  425.33  2.101E+02  0.000E+00  0.000E+00  0.000E+00  0.000E+00  0.000E+00  0.000E+00  0.000E+00
 492.0  424.51  2.087E+02  0.000E+00  0.000E+00  0.000E+00  0.000E+00  0.000E+00  0.000E+00  0.000E+00
 493.0  423.70  2.074E+02  0.000E+00  0.000E+00  0.000E+00  0.000E+00  0.000E+00  0.000E+00  0.000E+00
 494.0  422.88  2.060E+02  0.000E+00  0.000E+00  0.000E+00  0.000E+00  0.000E+00  0.000E+00  0.000E+00
 495.0  422.06  2.047E+02  0.000E+00  0.000E+00  0.000E+00  0.000E+00  0.000E+00  0.000E+00  0.000E+00
 496.0  421.25  2.033E+02  0.000E+00  0.000E+00  0.000E+00  0.000E+00  0.000E+00  0.000E+00  0.000E+00
 497.0  420.43  2.020E+02  0.000E+00  0.000E+00  0.000E+00  0.000E+00  0.000E+00  0.000E+00  0.000E+00
 498.0  419.62  2.007E+02  0.000E+00  0.000E+00  0.000E+00  0.000E+00  0.000E+00  0.000E+00  0.000E+00
 499.0  418.80  1.994E+02  0.000E+00  0.000E+00  0.000E+00  0.000E+00  0.000E+00  0.000E+00  0.000E+00
 500.0  417.98  1.980E+02  0.000E+00  0.000E+00  0.000E+00  0.000E+00  0.000E+00  0.000E+00  0.000E+00
 501.0  417.17  1.967E+02  0.000E+00  0.000E+00  0.000E+00  0.000E+00  0.000E+00  0.000E+00  0.000E+00
 502.0  416.35  1.954E+02  0.000E+00  0.000E+00  0.000E+00  0.000E+00  0.000E+00  0.000E+00  0.000E+00
 503.0  415.54  1.941E+02  0.000E+00  0.000E+00  0.000E+00  0.000E+00  0.000E+00  0.000E+00  0.000E+00
 504.0  414.72  1.929E+02  0.000E+00  0.000E+00  0.000E+00  0.000E+00  0.000E+00  0.000E+00  0.000E+00
 505.0  413.90  1.916E+02  0.000E+00  0.000E+00  0.000E+00  0.000E+00  0.000E+00  0.000E+00  0.000E+00
 506.0  413.09  1.903E+02  0.000E+00  0.000E+00  0.000E+00  0.000E+00  0.000E+00  0.000E+00  0.000E+00
 507.0  412.27  1.890E+02  0.000E+00  0.000E+00  0.000E+00  0.000E+00  0.000E+00  0.000E+00  0.000E+00
 508.0  411.46  1.878E+02  0.000E+00  0.000E+00  0.000E+00  0.000E+00  0.000E+00  0.000E+00  0.000E+00
 509.0  410.64  1.865E+02  0.000E+00  0.000E+00  0.000E+00  0.000E+00  0.000E+00  0.000E+00  0.000E+00
 510.0  409.82  1.852E+02  0.000E+00  0.000E+00  0.000E+00  0.000E+00  0.000E+00  0.000E+00  0.000E+00
 511.0  409.01  1.840E+02  0.000E+00  0.000E+00  0.000E+00  0.000E+00  0.000E+00  0.000E+00  0.000E+00
 512.0  408.19  1.828E+02  0.000E+00  0.000E+00  0.000E+00  0.000E+00  0.000E+00  0.000E+00  0.000E+00
 513.0  407.37  1.815E+02  0.000E+00  0.000E+00  0.000E+00  0.000E+00  0.000E+00  0.000E+00  0.000E+00
 514.0  406.56  1.803E+02  0.000E+00  0.000E+00  0.000E+00  0.000E+00  0.000E+00  0.000E+00  0.000E+00
 515.0  405.74  1.791E+02  0.000E+00  0.000E+00  0.000E+00  0.000E+00  0.000E+00  0.000E+00  0.000E+00
 516.0  404.93  1.778E+02  0.000E+00  0.000E+00  0.000E+00  0.000E+00  0.000E+00  0.000E+00  0.000E+00
 517.0  404.11  1.766E+02  0.000E+00  0.000E+00  0.000E+00  0.000E+00  0.000E+00  0.000E+00  0.000E+00
 518.0  403.29  1.754E+02  0.000E+00  0.000E+00  0.000E+00  0.000E+00  0.000E+00  0.000E+00  0.000E+00
 519.0  402.48  1.742E+02  0.000E+00  0.000E+00  0.000E+00  0.000E+00  0.000E+00  0.000E+00  0.000E+00
 520.0  401.66  1.730E+02  0.000E+00  0.000E+00  0.000E+00  0.000E+00  0.000E+00  0.000E+00  0.000E+00
 521.0  400.84  1.718E+02  0.000E+00  0.000E+00  0.000E+00  0.000E+00  0.000E+00  0.000E+00  0.000E+00
 522.0  400.03  1.707E+02  0.000E+00  0.000E+00  0.000E+00  0.000E+00  0.000E+00  0.000E+00  0.000E+00
 523.0  399.21  1.695E+02  0.000E+00  0.000E+00  0.000E+00  0.000E+00  0.000E+00  0.000E+00  0.000E+00
 524.0  398.40  1.683E+02  0.000E+00  0.000E+00  0.000E+00  0.000E+00  0.000E+00  0.000E+00  0.000E+00
 525.0  397.58  1.671E+02  0.000E+00  0.000E+00  0.000E+00  0.000E+00  0.000E+00  0.000E+00  0.000E+00
 526.0  396.76  1.660E+02  0.000E+00  0.000E+00  0.000E+00  0.000E+00  0.000E+00  0.000E+00  0.000E+00
 527.0  395.95  1.648E+02  0.000E+00  0.000E+00  0.000E+00  0.000E+00  0.000E+00  0.000E+00  0.000E+00
 528.0  395.13  1.637E+02  0.000E+00  0.000E+00  0.000E+00  0.000E+00  0.000E+00  0.000E+00  0.000E+00
 529.0  394.31  1.625E+02  0.000E+00  0.000E+00  0.000E+00  0.000E+00  0.000E+00  0.000E+00  0.000E+00
 530.0  393.50  1.614E+02  0.000E+00  0.000E+00  0.000E+00  0.000E+00  0.000E+00  0.000E+00  0.000E+00
 531.0  392.68  1.603E+02  0.000E+00  0.000E+00  0.000E+00  0.000E+00  0.000E+00  0.000E+00  0.000E+00
 532.0  391.86  1.591E+02  0.000E+00  0.000E+00  0.000E+00  0.000E+00  0.000E+00  0.000E+00  0.000E+00
 533.0  391.05  1.580E+02  0.000E+00  0.000E+00  0.000E+00  0.000E+00  0.000E+00  0.000E+00  0.000E+00
 534.0  390.23  1.569E+02  0.000E+00  0.000E+00  0.000E+00  0.000E+00  0.000E+00  0.000E+00  0.000E+00
 535.0  389.41  1.558E+02  0.000E+00  0.000E+00  0.000E+00  0.000E+00  0.000E+00  0.000E+00  0.000E+00
 536.0  388.60  1.547E+02  0.000E+00  0.000E+00  0.000E+00  0.000E+00  0.000E+00  0.000E+00  0.000E+00
 537.0  387.78  1.536E+02  0.000E+00  0.000E+00  0.000E+00  0.000E+00  0.000E+00  0.000E+00  0.000E+00
 538.0  386.96  1.525E+02  0.000E+00  0.000E+00  0.000E+00  0.000E+00  0.000E+00  0.000E+00  0.000E+00
 539.0  386.15  1.514E+02  0.000E+00  0.000E+00  0.000E+00  0.000E+00  0.000E+00  0.000E+00  0.000E+00
 540.0  385.33  1.503E+02  0.000E+00  0.000E+00  0.000E+00  0.000E+00  0.000E+00  0.000E+00  0.000E+00
 541.0  384.51  1.493E+02  0.000E+00  0.000E+00  0.000E+00  0.000E+00  0.000E+00  0.000E+00  0.000E+00
 542.0  383.70  1.482E+02  0.000E+00  0.000E+00  0.000E+00  0.000E+00  0.000E+00  0.000E+00  0.000E+00
 543.0  382.88  1.471E+02  0.000E+00  0.000E+00  0.000E+00  0.000E+00  0.000E+00  0.000E+00  0.000E+00
 544.0  382.06  1.461E+02  0.000E+00  0.000E+00  0.000E+00  0.000E+00  0.000E+00  0.000E+00  0.000E+00
 545.0  381.25  1.450E+02  0.000E+00  0.000E+00  0.000E+00  0.000E+00  0.000E+00  0.000E+00  0.000E+00
 546.0  380.43  1.440E+02  0.000E+00  0.000E+00  0.000E+00  0.000E+00  0.000E+00  0.000E+00  0.000E+00
 547.0  379.61  1.429E+02  1.265E-03  0.000E+00  0.000E+00  0.000E+00  0.000E+00  0.000E+00  0.000E+00
 548.0  378.80  1.419E+02  2.039E-03  0.000E+00  0.000E+00  0.000E+00  0.000E+00  0.000E+00  0.000E+00
 549.0  377.98  1.408E+02  1.995E-03  0.000E+00  0.000E+00  0.000E+00  0.000E+00  0.000E+00  0.000E+00
 550.0  377.17  1.398E+02  1.951E-03  0.000E+00  0.000E+00  0.000E+00  0.000E+00  0.000E+00  0.000E+00
 551.0  376.35  1.388E+02  1.907E-03  0.000E+00  0.000E+00  0.000E+00  0.000E+00  0.000E+00  0.000E+00
 552.0  375.54  1.378E+02  1.865E-03  0.000E+00  0.000E+00  0.000E+00  0.000E+00  0.000E+00  0.000E+00
 553.0  374.73  1.368E+02  1.823E-03  0.000E+00  0.000E+00  0.000E+00  0.000E+00  0.000E+00  0.000E+00
 554.0  373.92  1.358E+02  1.782E-03  0.000E+00  0.000E+00  0.000E+00  0.000E+00  0.000E+00  0.000E+00
 555.0  373.11  1.348E+02  1.742E-03  0.000E+00  0.000E+00  0.000E+00  0.000E+00  0.000E+00  0.000E+00
 556.0  372.30  1.338E+02  1.702E-03  0.000E+00  0.000E+00  0.000E+00  0.000E+00  0.000E+00  0.000E+00
 557.0  371.49  1.328E+02  1.664E-03  0.000E+00  0.000E+00  0.000E+00  0.000E+00  0.000E+00  0.000E+00
 558.0  370.68  1.318E+02  1.625E-03  0.000E+00  0.000E+00  0.000E+00  0.000E+00  0.000E+00  0.000E+00
 559.0  369.87  1.309E+02  1.588E-03  0.000E+00  0.000E+00  0.000E+00  0.000E+00  0.000E+00  0.000E+00
 560.0  369.06  1.299E+02  1.550E-03  0.000E+00  0.000E+00  0.000E+00  0.000E+00  0.000E+00  0.000E+00
 561.0  368.26  1.290E+02  1.515E-03  0.000E+00  0.000E+00  0.000E+00  0.000E+00  0.000E+00  0.000E+00
 562.0  367.45  1.280E+02  1.479E-03  0.000E+00  0.000E+00  0.000E+00  0.000E+00  0.000E+00  0.000E+00
 563.0  366.65  1.271E+02  1.445E-03  0.000E+00  0.000E+00  0.000E+00  0.000E+00  0.000E+00  0.000E+00
 564.0  365.84  1.261E+02  1.410E-03  0.000E+00  0.000E+00  0.000E+00  0.000E+00  0.000E+00  0.000E+00
 565.0  365.04  1.252E+02  1.377E-03  0.000E+00  0.000E+00  0.000E+00  0.000E+00  0.000E+00  0.000E+00
 566.0  364.24  1.243E+02  1.343E-03  0.000E+00  0.000E+00  0.000E+00  0.000E+00  0.000E+00  0.000E+00
 567.0  363.43  1.233E+02  1.312E-03  0.000E+00  0.000E+00  0.000E+00  0.000E+00  0.000E+00  0.000E+00
 568.0  362.63  1.224E+02  1.280E-03  0.000E+00  0.000E+00  0.000E+00  0.000E+00  0.000E+00  0.000E+00
 569.0  361.83  1.215E+02  1.249E-03  0.000E+00  0.000E+00  0.000E+00  0.000E+00  0.000E+00  0.000E+00
 570.0  361.03  1.206E+02  1.218E-03  0.000E+00  0.000E+00  0.000E+00  0.000E+00  0.000E+00  0.000E+00
 571.0  360.23  1.197E+02  1.189E-03  0.000E+00  0.000E+00  0.000E+00  0.000E+00  0.000E+00  0.000E+00
 572.0  359.43  1.188E+02  1.159E-03  0.000E+00  0.000E+00  0.000E+00  0.000E+00  0.000E+00  0.000E+00
 573.0  358.63  1.179E+02  1.131E-03  0.000E+00  0.000E+00  0.000E+00  0.000E+00  0.000E+00  0.000E+00
 574.0  357.83  1.170E+02  1.102E-03  0.000E+00  0.000E+00  0.000E+00  0.000E+00  0.000E+00  0.000E+00
 575.0  357.04  1.161E+02  1.075E-03  0.000E+00  0.000E+00  0.000E+00  0.000E+00  0.000E+00  0.000E+00
 576.0  356.24  1.153E+02  1.048E-03  0.000E+00  0.000E+00  0.000E+00  0.000E+00  0.000E+00  0.000E+00
 577.0  355.44  1.144E+02  1.021E-03  0.000E+00  0.000E+00  0.000E+00  0.000E+00  0.000E+00  0.000E+00
 578.0  354.65  1.135E+02  9.953E-04  0.000E+00  0.000E+00  0.000E+00  0.000E+00  0.000E+00  0.000E+00
 579.0  353.85  1.127E+02  9.702E-04  0.000E+00  0.000E+00  0.000E+00  0.000E+00  0.000E+00  0.000E+00
 580.0  353.06  1.118E+02  9.450E-04  0.000E+00  0.000E+00  0.000E+00  0.000E+00  0.000E+00  0.000E+00
 581.0  352.26  1.110E+02  9.206E-04  0.000E+00  0.000E+00  0.000E+00  0.000E+00  0.000E+00  0.000E+00
 582.0  351.47  1.101E+02  8.970E-04  0.000E+00  0.000E+00  0.000E+00  0.000E+00  0.000E+00  0.000E+00
 583.0  350.67  1.093E+02  8.733E-04  0.000E+00  0.000E+00  0.000E+00  0.000E+00  0.000E+00  0.000E+00
 584.0  349.88  1.085E+02  8.507E-04  0.000E+00  0.000E+00  0.000E+00  0.000E+00  0.000E+00  0.000E+00
 585.0  349.09  1.076E+02  8.283E-04  0.000E+00  0.000E+00  0.000E+00  0.000E+00  0.000E+00  0.000E+00
 586.0  348.29  1.068E+02  8.060E-04  0.000E+00  0.000E+00  0.000E+00  0.000E+00  0.000E+00  0.000E+00
 587.0  347.50  1.060E+02  7.848E-04  0.000E+00  0.000E+00  0.000E+00  0.000E+00  0.000E+00  0.000E+00
 588.0  346.71  1.052E+02  7.638E-04  0.000E+00  0.000E+00  0.000E+00  0.000E+00  0.000E+00  0.000E+00
 589.0  345.92  1.044E+02  7.430E-04  0.000E+00  0.000E+00  0.000E+00  0.000E+00  0.000E+00  0.000E+00
 590.0  345.13  1.036E+02  7.231E-04  0.000E+00  0.000E+00  0.000E+00  0.000E+00  0.000E+00  0.000E+00
 591.0  344.34  1.028E+02  7.034E-04  0.000E+00  0.000E+00  0.000E+00  0.000E+00  0.000E+00  0.000E+00
 592.0  343.55  1.020E+02  6.842E-04  0.000E+00  0.000E+00  0.000E+00  0.000E+00  0.000E+00  0.000E+00
 593.0  342.76  1.012E+02  6.656E-04  0.000E+00  0.000E+00  0.000E+00  0.000E+00  0.000E+00  0.000E+00
 594.0  341.97  1.004E+02  6.470E-04  0.000E+00  0.000E+00  0.000E+00  0.000E+00  0.000E+00  0.000E+00
 595.0  341.18  9.962E+01  6.290E-04  0.000E+00  0.000E+00  0.000E+00  0.000E+00  0.000E+00  0.000E+00
 596.0  340.39  9.885E+01  6.114E-04  0.000E+00  0.000E+00  0.000E+00  0.000E+00  0.000E+00  0.000E+00
 597.0  339.60  9.808E+01  5.944E-04  0.000E+00  0.000E+00  0.000E+00  0.000E+00  0.000E+00  0.000E+00
 598.0  338.81  9.731E+01  5.774E-04  0.000E+00  0.000E+00  0.000E+00  0.000E+00  0.000E+00  0.000E+00
 599.0  338.03  9.655E+01  5.612E-04  0.000E+00  0.000E+00  0.000E+00  0.000E+00  0.000E+00  0.000E+00
 600.0  337.24  9.579E+01  5.449E-04  0.000E+00  0.000E+00  0.000E+00  0.000E+00  0.000E+00  0.000E+00
 601.0  336.45  9.504E+01  5.295E-04  0.000E+00  0.000E+00  0.000E+00  0.000E+00  0.000E+00  0.000E+00
 602.0  335.66  9.430E+01  5.142E-04  0.000E+00  0.000E+00  0.000E+00  0.000E+00  0.000E+00  0.000E+00
 603.0  334.88  9.355E+01  4.992E-04  0.000E+00  0.000E+00  0.000E+00  0.000E+00  0.000E+00  0.000E+00
 604.0  334.09  9.281E+01  4.846E-04  0.000E+00  0.000E+00  0.000E+00  0.000E+00  0.000E+00  0.000E+00
 605.0  333.30  9.208E+01  4.704E-04  0.000E+00  0.000E+00  0.000E+00  0.000E+00  0.000E+00  0.000E+00
 606.0  332.52  9.135E+01  4.565E-04  0.000E+00  0.000E+00  0.000E+00  0.000E+00  0.000E+00  0.000E+00
 607.0  331.73  9.062E+01  4.429E-04  0.000E+00  0.000E+00  0.000E+00  0.000E+00  0.000E+00  0.000E+00
 608.0  330.95  8.990E+01  4.298E-04  0.000E+00  0.000E+00  0.000E+00  0.000E+00  0.000E+00  0.000E+00
 609.0  330.16  8.918E+01  4.168E-04  0.000E+00  0.000E+00  0.000E+00  0.000E+00  0.000E+00  0.000E+00
 610.0  329.37  8.847E+01  4.043E-04  0.000E+00  0.000E+00  0.000E+00  0.000E+00  0.000E+00  0.000E+00
 611.0  328.59  8.776E+01  3.920E-04  0.000E+00  0.000E+00  0.000E+00  0.000E+00  0.000E+00  0.000E+00
 612.0  327.81  8.706E+01  3.801E-04  0.000E+00  0.000E+00  0.000E+00  0.000E+00  0.000E+00  0.000E+00
 613.0  327.02  8.636E+01  3.684E-04  0.000E+00  0.000E+00  0.000E+00  0.000E+00  0.000E+00  0.000E+00
 614.0  326.24  8.566E+01  3.570E-04  0.000E+00  0.000E+00  0.000E+00  0.000E+00  0.000E+00  0.000E+00
 615.0  325.45  8.497E+01  3.459E-04  0.000E+00  0.000E+00  0.000E+00  0.000E+00  0.000E+00  0.000E+00
 616.0  324.67  8.428E+01  3.351E-04  0.000E+00  0.000E+00  0.000E+00  0.000E+00  0.000E+00  0.000E+00
 617.0  323.88  8.360E+01  3.247E-04  0.000E+00  0.000E+00  0.000E+00  0.000E+00  0.000E+00  0.000E+00
 618.0  323.10  8.292E+01  3.144E-04  0.000E+00  0.000E+00  0.000E+00  0.000E+00  0.000E+00  0.000E+00
 619.0  322.32  8.225E+01  3.043E-04  0.000E+00  0.000E+00  0.000E+00  0.000E+00  0.000E+00  0.000E+00
 620.0  321.53  8.158E+01  2.947E-04  0.000E+00  0.000E+00  0.000E+00  0.000E+00  0.000E+00  0.000E+00
 621.0  320.75  8.091E+01  2.853E-04  0.000E+00  0.000E+00  0.000E+00  0.000E+00  0.000E+00  0.000E+00
 622.0  319.97  8.025E+01  2.759E-04  0.000E+00  0.000E+00  0.000E+00  0.000E+00  0.000E+00  0.000E+00
 623.0  319.18  7.959E+01  2.670E-04  0.000E+00  0.000E+00  0.000E+00  0.000E+00  0.000E+00  0.000E+00
 624.0  318.40  7.893E+01  2.583E-04  0.000E+00  0.000E+00  0.000E+00  0.000E+00  0.000E+00  0.000E+00
 625.0  317.62  7.828E+01  2.498E-04  0.000E+00  0.000E+00  0.000E+00  0.000E+00  0.000E+00  0.000E+00
 626.0  316.83  7.763E+01  2.415E-04  0.000E+00  0.000E+00  0.000E+00  0.000E+00  0.000E+00  0.000E+00
 627.0  316.05  7.699E+01  2.335E-04  0.000E+00  0.000E+00  0.000E+00  0.000E+00  0.000E+00  0.000E+00
 628.0  315.27  7.635E+01  2.257E-04  0.000E+00  0.000E+00  0.000E+00  0.000E+00  0.000E+00  0.000E+00
 629.0  314.49  7.572E+01  2.181E-04  0.000E+00  0.000E+00  0.000E+00  0.000E+00  0.000E+00  0.000E+00
 630.0  313.70  7.508E+01  2.107E-04  0.000E+00  0.000E+00  0.000E+00  0.000E+00  0.000E+00  0.000E+00
 631.0  312.92  7.446E+01  2.035E-04  0.000E+00  0.000E+00  0.000E+00  0.000E+00  0.000E+00  0.000E+00
 632.0  312.14  7.383E+01  1.965E-04  0.000E+00  0.000E+00  0.000E+00  0.000E+00  0.000E+00  0.000E+00
 633.0  311.36  7.321E+01  1.898E-04  0.000E+00  0.000E+00  0.000E+00  0.000E+00  0.000E+00  0.000E+00
 634.0  310.58  7.260E+01  1.832E-04  0.000E+00  0.000E+00  0.000E+00  0.000E+00  0.000E+00  0.000E+00
 635.0  309.79  7.198E+01  1.768E-04  0.000E+00  0.000E+00  0.000E+00  0.000E+00  0.000E+00  0.000E+00
 636.0  309.01  7.138E+01  1.706E-04  0.000E+00  0.000E+00  0.000E+00  0.000E+00  0.000E+00  0.000E+00
 637.0  308.23  7.077E+01  1.646E-04  0.000E+00  0.000E+00  0.000E+00  0.000E+00  0.000E+00  0.000E+00
 638.0  307.45  7.017E+01  1.587E-04  0.000E+00  0.000E+00  0.000E+00  0.000E+00  0.000E+00  0.000E+00
 639.0  306.67  6.957E+01  1.531E-04  0.000E+00  0.000E+00  0.000E+00  0.000E+00  0.000E+00  0.000E+00
 640.0  305.88  6.898E+01  1.476E-04  0.000E+00  0.000E+00  0.000E+00  0.000E+00  0.000E+00  0.000E+00
 641.0  305.10  6.839E+01  1.422E-04  0.000E+00  0.000E+00  0.000E+00  0.000E+00  0.000E+00  0.000E+00
 642.0  304.32  6.780E+01  1.371E-04  0.000E+00  0.000E+00  0.000E+00  0.000E+00  0.000E+00  0.000E+00
 643.0  303.54  6.722E+01  1.321E-04  0.000E+00  0.000E+00  0.000E+00  0.000E+00  0.000E+00  0.000E+00
 644.0  302.76  6.664E+01  1.272E-04  0.000E+00  0.000E+00  0.000E+00  0.000E+00  0.000E+00  0.000E+00
 645.0  301.97  6.606E+01  1.225E-04  0.000E+00  0.000E+00  0.000E+00  0.000E+00  0.000E+00  0.000E+00
 646.0  301.19  6.549E+01  1.180E-04  0.000E+00  0.000E+00  0.000E+00  0.000E+00  0.000E+00  0.000E+00
 647.0  300.41  6.492E+01  1.135E-04  0.000E+00  0.000E+00  0.000E+00  0.000E+00  0.000E+00  0.000E+00
 648.0  299.63  6.436E+01  1.142E-04  0.000E+00  0.000E+00  0.000E+00  0.000E+00  0.000E+00  0.000E+00
 649.0  298.85  6.380E+01  1.057E-04  0.000E+00  0.000E+00  0.000E+00  0.000E+00  0.000E+00  0.000E+00
 650.0  298.06  6.324E+01  1.016E-04  0.000E+00  0.000E+00  0.000E+00  0.000E+00  0.000E+00  0.000E+00
 651.0  297.28  6.268E+01  9.766E-05  0.000E+00  0.000E+00  0.000E+00  0.000E+00  0.000E+00  0.000E+00
 652.0  296.50  6.213E+01  9.388E-05  0.000E+00  0.000E+00  0.000E+00  0.000E+00  0.000E+00  0.000E+00
 653.0  295.72  6.159E+01  9.020E-05  0.000E+00  0.000E+00  0.000E+00  0.000E+00  0.000E+00  0.000E+00
 654.0  294.94  6.104E+01  8.667E-05  0.000E+00  0.000E+00  0.000E+00  0.000E+00  0.000E+00  0.000E+00
 655.0  294.15  6.050E+01  8.323E-05  0.000E+00  0.000E+00  0.000E+00  0.000E+00  0.000E+00  0.000E+00
 656.0  293.37  5.996E+01  7.993E-05  0.000E+00  0.000E+00  0.000E+00  0.000E+00  0.000E+00  0.000E+00
 657.0  292.59  5.943E+01  7.671E-05  0.000E+00  0.000E+00  0.000E+00  0.000E+00  0.000E+00  0.000E+00
 658.0  291.81  5.890E+01  7.363E-05  0.000E+00  0.000E+00  0.000E+00  0.000E+00  0.000E+00  0.000E+00
 659.0  291.03  5.837E+01  7.063E-05  0.000E+00  0.000E+00  0.000E+00  0.000E+00  0.000E+00  0.000E+00
 660.0  290.24  5.785E+01  6.775E-05  0.000E+00  0.000E+00  0.000E+00  0.000E+00  0.000E+00  0.000E+00
 661.0  289.46  5.733E+01  6.498E-05  0.000E+00  0.000E+00  0.000E+00  0.000E+00  0.000E+00  0.000E+00
 662.0  288.68  5.681E+01  6.228E-05  0.000E+00  0.000E+00  0.000E+00  0.000E+00  0.000E+00  0.000E+00
 663.0  287.90  5.630E+01  5.970E-05  0.000E+00  0.000E+00  0.000E+00  0.000E+00  0.000E+00  0.000E+00
 664.0  287.11  5.579E+01  5.720E-05  0.000E+00  0.000E+00  0.000E+00  0.000E+00  0.000E+00  0.000E+00
 665.0  286.33  5.528E+01  5.480E-05  0.000E+00  0.000E+00  0.000E+00  0.000E+00  0.000E+00  0.000E+00
 666.0  285.55  5.478E+01  5.246E-05  0.000E+00  0.000E+00  0.000E+00  0.000E+00  0.000E+00  0.000E+00
 667.0  284.76  5.428E+01  5.023E-05  0.000E+00  0.000E+00  0.000E+00  0.000E+00  0.000E+00  0.000E+00
 668.0  283.98  5.378E+01  4.807E-05  0.000E+00  0.000E+00  0.000E+00  0.000E+00  0.000E+00  0.000E+00
 669.0  283.20  5.329E+01  4.599E-05  0.000E+00  0.000E+00  0.000E+00  0.000E+00  0.000E+00  0.000E+00
 670.0  282.41  5.280E+01  4.400E-05  0.000E+00  0.000E+00  0.000E+00  0.000E+00  0.000E+00  0.000E+00
 671.0  281.63  5.231E+01  4.208E-05  0.000E+00  0.000E+00  0.000E+00  0.000E+00  0.000E+00  0.000E+00
 672.0  280.85  5.182E+01  4.021E-05  0.000E+00  0.000E+00  0.000E+00  0.000E+00  0.000E+00  0.000E+00
 673.0  280.06  5.134E+01  3.844E-05  0.000E+00  0.000E+00  0.000E+00  0.000E+00  0.000E+00  0.000E+00
 674.0  279.28  5.087E+01  3.672E-05  0.000E+00  0.000E+00  0.000E+00  0.000E+00  0.000E+00  0.000E+00
 675.0  278.50  5.039E+01  3.508E-05  0.000E+00  0.000E+00  0.000E+00  0.000E+00  0.000E+00  0.000E+00
 676.0  277.71  4.992E+01  3.349E-05  0.000E+00  0.000E+00  0.000E+00  0.000E+00  0.000E+00  0.000E+00
 677.0  276.93  4.945E+01  3.196E-05  0.000E+00  0.000E+00  0.000E+00  0.000E+00  0.000E+00  0.000E+00
 678.0  276.14  4.898E+01  3.052E-05  0.000E+00  0.000E+00  0.000E+00  0.000E+00  0.000E+00  0.000E+00
 679.0  275.36  4.852E+01  2.910E-05  0.000E+00  0.000E+00  0.000E+00  0.000E+00  0.000E+00  0.000E+00
 680.0  274.57  4.806E+01  2.776E-05  0.000E+00  0.000E+00  0.000E+00  0.000E+00  0.000E+00  0.000E+00
 681.0  273.79  4.761E+01  2.646E-05  0.000E+00  0.000E+00  0.000E+00  0.000E+00  0.000E+00  0.000E+00
 682.0  273.00  4.715E+01  2.522E-05  0.000E+00  0.000E+00  0.000E+00  0.000E+00  0.000E+00  0.000E+00
 683.0  272.22  4.670E+01  2.403E-05  0.000E+00  0.000E+00  0.000E+00  0.000E+00  0.000E+00  0.000E+00
 684.0  271.43  4.626E+01  0.000E+00  2.286E-05  0.000E+00  0.000E+00  0.000E+00  0.000E+00  0.000E+00
 685.0  270.65  4.581E+01  0.000E+00  2.385E-05  0.000E+00  0.000E+00  0.000E+00  0.000E+00  0.000E+00
 686.0  269.86  4.537E+01  0.000E+00  2.248E-05  0.000E+00  0.000E+00  0.000E+00  0.000E+00  0.000E+00
 687.0  269.08  4.493E+01  0.000E+00  2.119E-05  0.000E+00  0.000E+00  0.000E+00  0.000E+00  0.000E+00
 688.0  268.29  4.450E+01  0.000E+00  1.996E-05  0.000E+00  0.000E+00  0.000E+00  0.000E+00  0.000E+00
 689.0  267.50  4.407E+01  0.000E+00  1.879E-05  0.000E+00  0.000E+00  0.000E+00  0.000E+00  0.000E+00
 690.0  266.72  4.364E+01  0.000E+00  1.768E-05  0.000E+00  0.000E+00  0.000E+00  0.000E+00  0.000E+00
 691.0  265.93  4.321E+01  0.000E+00  1.664E-05  0.000E+00  0.000E+00  0.000E+00  0.000E+00  0.000E+00
 692.0  265.15  4.279E+01  0.000E+00  1.565E-05  0.000E+00  0.000E+00  0.000E+00  0.000E+00  0.000E+00
 693.0  264.36  4.237E+01  0.000E+00  1.471E-05  0.000E+00  0.000E+00  0.000E+00  0.000E+00  0.000E+00
 694.0  263.57  4.195E+01  0.000E+00  1.382E-05  0.000E+00  0.000E+00  0.000E+00  0.000E+00  0.000E+00
 695.0  262.78  4.154E+01  0.000E+00  1.298E-05  0.000E+00  0.000E+00  0.000E+00  0.000E+00  0.000E+00
 696.0  262.00  4.112E+01  0.000E+00  1.219E-05  0.000E+00  0.000E+00  0.000E+00  0.000E+00  0.000E+00
 697.0  261.21  4.071E+01  0.000E+00  1.144E-05  0.000E+00  0.000E+00  0.000E+00  0.000E+00  0.000E+00
 698.0  260.42  4.031E+01  0.000E+00  1.073E-05  0.000E+00  0.000E+00  0.000E+00  0.000E+00  0.000E+00
 699.0  259.63  3.991E+01  0.000E+00  1.006E-05  0.000E+00  0.000E+00  0.000E+00  0.000E+00  0.000E+00
 700.0  258.84  3.951E+01  0.000E+00  9.433E-06  0.000E+00  0.000E+00  0.000E+00  0.000E+00  0.000E+00
 701.0  258.06  3.911E+01  0.000E+00  8.838E-06  0.000E+00  0.000E+00  0.000E+00  0.000E+00  0.000E+00
 702.0  257.27  3.871E+01  0.000E+00  8.276E-06  0.000E+00  0.000E+00  0.000E+00  0.000E+00  0.000E+00
 703.0  256.48  3.832E+01  0.000E+00  7.747E-06  0.000E+00  0.000E+00  0.000E+00  0.000E+00  0.000E+00
 704.0  255.69  3.793E+01  0.000E+00  7.248E-06  0.000E+00  0.000E+00  0.000E+00  0.000E+00  0.000E+00
 705.0  254.90  3.755E+01  0.000E+00  6.779E-06  0.000E+00  0.000E+00  0.000E+00  0.000E+00  0.000E+00
 706.0  254.11  3.716E+01  0.000E+00  6.336E-06  0.000E+00  0.000E+00  0.000E+00  0.000E+00  0.000E+00
 707.0  253.32  3.678E+01  0.000E+00  5.920E-06  0.000E+00  0.000E+00  0.000E+00  0.000E+00  0.000E+00
 708.0  252.53  3.640E+01  0.000E+00  5.529E-06  0.000E+00  0.000E+00  0.000E+00  0.000E+00  0.000E+00
 709.0  251.74  3.603E+01  0.000E+00  5.161E-06  0.000E+00  0.000E+00  0.000E+00  0.000E+00  0.000E+00
 710.0  250.95  3.566E+01  0.000E+00  4.815E-06  0.000E+00  0.000E+00  0.000E+00  0.000E+00  0.000E+00
 711.0  250.15  3.529E+01  0.000E+00  4.490E-06  0.000E+00  0.000E+00  0.000E+00  0.000E+00  0.000E+00
 712.0  249.36  3.492E+01  0.000E+00  4.185E-06  0.000E+00  0.000E+00  0.000E+00  0.000E+00  0.000E+00
 713.0  248.57  3.455E+01  0.000E+00  3.899E-06  0.000E+00  0.000E+00  0.000E+00  0.000E+00  0.000E+00
 714.0  247.78  3.419E+01  0.000E+00  3.630E-06  0.000E+00  0.000E+00  0.000E+00  0.000E+00  0.000E+00
 715.0  246.99  3.383E+01  0.000E+00  3.379E-06  0.000E+00  0.000E+00  0.000E+00  0.000E+00  0.000E+00
 716.0  246.19  3.348E+01  0.000E+00  3.143E-06  0.000E+00  0.000E+00  0.000E+00  0.000E+00  0.000E+00
 717.0  245.40  3.312E+01  0.000E+00  2.922E-06  0.000E+00  0.000E+00  0.000E+00  0.000E+00  0.000E+00
 718.0  244.61  3.277E+01  0.000E+00  2.715E-06  0.000E+00  0.000E+00  0.000E+00  0.000E+00  0.000E+00
 719.0  243.81  3.242E+01  0.000E+00  2.521E-06  0.000E+00  0.000E+00  0.000E+00  0.000E+00  0.000E+00
 720.0  243.02  3.208E+01  0.000E+00  2.340E-06  0.000E+00  0.000E+00  0.000E+00  0.000E+00  0.000E+00
 721.0  242.23  3.173E+01  0.000E+00  2.171E-06  4.681E-06  0.000E+00  0.000E+00  0.000E+00  0.000E+00
 722.0  241.43  3.139E+01  0.000E+00  2.013E-06  6.436E-05  0.000E+00  0.000E+00  0.000E+00  0.000E+00
 723.0  240.64  3.105E+01  0.000E+00  1.865E-06  5.965E-05  0.000E+00  0.000E+00  0.000E+00  0.000E+00
 724.0  239.84  3.072E+01  0.000E+00  1.728E-06  5.519E-05  0.000E+00  0.000E+00  0.000E+00  0.000E+00
 725.0  239.05  3.038E+01  0.000E+00  1.599E-06  5.098E-05  0.000E+00  0.000E+00  0.000E+00  0.000E+00
 726.0  238.25  3.005E+01  0.000E+00  1.479E-06  4.699E-05  0.000E+00  0.000E+00  0.000E+00  0.000E+00
 727.0  237.46  2.973E+01  0.000E+00  1.368E-06  4.323E-05  0.000E+00  0.000E+00  0.000E+00  0.000E+00
 728.0  236.66  2.940E+01  0.000E+00  1.264E-06  3.969E-05  0.000E+00  0.000E+00  0.000E+00  0.000E+00
 729.0  235.87  2.908E+01  0.000E+00  1.167E-06  3.634E-05  0.000E+00  0.000E+00  0.000E+00  0.000E+00
 730.0  235.07  2.876E+01  0.000E+00  1.077E-06  3.320E-05  0.000E+00  0.000E+00  0.000E+00  0.000E+00
 731.0  234.27  2.844E+01  0.000E+00  9.936E-07  3.025E-05  0.000E+00  0.000E+00  0.000E+00  0.000E+00
 732.0  233.48  2.812E+01  0.000E+00  9.159E-07  2.748E-05  0.000E+00  0.000E+00  0.000E+00  0.000E+00
 733.0  232.68  2.781E+01  0.000E+00  8.438E-07  2.490E-05  0.000E+00  0.000E+00  0.000E+00  0.000E+00
 734.0  231.88  2.750E+01  0.000E+00  7.768E-07  2.249E-05  0.000E+00  0.000E+00  0.000E+00  0.000E+00
 735.0  231.08  2.719E+01  0.000E+00  7.147E-07  2.024E-05  0.000E+00  0.000E+00  0.000E+00  0.000E+00
 736.0  230.29  2.689E+01  0.000E+00  6.572E-07  1.817E-05  0.000E+00  0.000E+00  0.000E+00  0.000E+00
 737.0  229.49  2.658E+01  0.000E+00  6.039E-07  1.625E-05  0.000E+00  0.000E+00  0.000E+00  0.000E+00
 738.0  228.69  2.628E+01  0.000E+00  5.545E-07  1.449E-05  0.000E+00  0.000E+00  0.000E+00  0.000E+00
 739.0  227.89  2.598E+01  0.000E+00  5.089E-07  1.287E-05  0.000E+00  0.000E+00  0.000E+00  0.000E+00
 740.0  227.09  2.569E+01  0.000E+00  4.666E-07  1.140E-05  0.000E+00  0.000E+00  0.000E+00  0.000E+00
 741.0  226.29  2.539E+01  0.000E+00  4.276E-07  1.006E-05  0.000E+00  0.000E+00  0.000E+00  0.000E+00
 742.0  225.49  2.510E+01  0.000E+00  3.916E-07  8.847E-06  0.000E+00  0.000E+00  0.000E+00  0.000E+00
 743.0  224.69  2.481E+01  0.000E+00  3.584E-07  7.757E-06  0.000E+00  0.000E+00  0.000E+00  0.000E+00
 744.0  223.89  2.453E+01  0.000E+00  3.277E-07  6.780E-06  0.000E+00  0.000E+00  0.000E+00  0.000E+00
 745.0  223.09  2.424E+01  0.000E+00  2.995E-07  5.908E-06  0.000E+00  0.000E+00  0.000E+00  0.000E+00
 746.0  222.29  2.396E+01  0.000E+00  2.735E-07  5.133E-06  0.000E+00  0.000E+00  0.000E+00  0.000E+00
 747.0  221.48  2.368E+01  0.000E+00  2.495E-07  4.447E-06  0.000E+00  0.000E+00  0.000E+00  0.000E+00
 748.0  220.68  2.340E+01  0.000E+00  2.275E-07  3.842E-06  0.000E+00  0.000E+00  0.000E+00  0.000E+00
 749.0  219.88  2.313E+01  0.000E+00  2.073E-07  3.311E-06  0.000E+00  0.000E+00  0.000E+00  0.000E+00
 750.0  219.07  2.285E+01  0.000E+00  1.887E-07  2.846E-06  0.000E+00  0.000E+00  0.000E+00  0.000E+00
 751.0  218.27  2.258E+01  0.000E+00  1.716E-07  2.440E-06  0.000E+00  0.000E+00  0.000E+00  0.000E+00
 752.0  217.47  2.231E+01  0.000E+00  1.560E-07  2.088E-06  0.000E+00  0.000E+00  0.000E+00  0.000E+00
 753.0  216.66  2.205E+01  0.000E+00  1.417E-07  1.782E-06  0.000E+00  0.000E+00  0.000E+00  0.000E+00
 754.0  215.86  2.178E+01  0.000E+00  1.286E-07  1.518E-06  0.000E+00  0.000E+00  0.000E+00  0.000E+00
 755.0  215.05  2.152E+01  0.000E+00  1.166E-07  1.290E-06  0.000E+00  0.000E+00  0.000E+00  0.000E+00
 756.0  214.25  2.126E+01  0.000E+00  1.056E-07  1.094E-06  0.000E+00  0.000E+00  0.000E+00  0.000E+00
 757.0  213.44  2.100E+01  0.000E+00  9.562E-08  9.264E-07  0.000E+00  0.000E+00  0.000E+00  0.000E+00
 758.0  212.63  2.075E+01  0.000E+00  8.648E-08  7.828E-07  0.000E+00  0.000E+00  0.000E+00  0.000E+00
 759.0  211.82  2.049E+01  0.000E+00  7.815E-08  6.602E-07  0.000E+00  0.000E+00  0.000E+00  0.000E+00
 760.0  211.02  2.024E+01  0.000E+00  7.056E-08  5.557E-07  0.000E+00  0.000E+00  0.000E+00  0.000E+00
 761.0  210.21  1.999E+01  0.000E+00  6.365E-08  4.669E-07  0.000E+00  0.000E+00  0.000E+00  0.000E+00
 762.0  209.40  1.975E+01  0.000E+00  5.736E-08  3.916E-07  0.000E+00  0.000E+00  0.000E+00  0.000E+00
 763.0  208.59  1.950E+01  0.000E+00  5.165E-08  3.279E-07  0.000E+00  0.000E+00  0.000E+00  0.000E+00
 764.0  207.78  1.926E+01  0.000E+00  4.647E-08  2.740E-07  0.000E+00  0.000E+00  0.000E+00  0.000E+00
 765.0  206.97  1.902E+01  0.000E+00  4.176E-08  2.286E-07  0.000E+00  0.000E+00  0.000E+00  0.000E+00
 766.0  206.16  1.878E+01  0.000E+00  3.750E-08  1.904E-07  0.000E+00  0.000E+00  0.000E+00  0.000E+00
 767.0  205.35  1.854E+01  0.000E+00  3.364E-08  1.583E-07  0.000E+00  0.000E+00  0.000E+00  0.000E+00
 768.0  204.53  1.831E+01  0.000E+00  3.014E-08  1.313E-07  0.000E+00  0.000E+00  0.000E+00  0.000E+00
 769.0  203.72  1.808E+01  0.000E+00  2.699E-08  1.088E-07  0.000E+00  0.000E+00  0.000E+00  0.000E+00
 770.0  202.91  1.785E+01  0.000E+00  2.413E-08  8.995E-08  0.000E+00  0.000E+00  0.000E+00  0.000E+00
 771.0  202.09  1.762E+01  0.000E+00  2.156E-08  7.424E-08  0.000E+00  0.000E+00  0.000E+00  0.000E+00
 772.0  201.28  1.739E+01  0.000E+00  1.925E-08  6.116E-08  0.000E+00  0.000E+00  0.000E+00  0.000E+00
 773.0  200.47  1.717E+01  0.000E+00  1.716E-08  5.029E-08  0.000E+00  0.000E+00  0.000E+00  0.000E+00
 774.0  199.65  1.695E+01  0.000E+00  1.528E-08  4.128E-08  0.000E+00  0.000E+00  0.000E+00  0.000E+00
 775.0  198.83  1.673E+01  0.000E+00  1.360E-08  3.381E-08  0.000E+00  0.000E+00  0.000E+00  0.000E+00
 776.0  198.02  1.651E+01  0.000E+00  1.208E-08  2.765E-08  0.000E+00  0.000E+00  0.000E+00  0.000E+00
 777.0  197.20  1.629E+01  0.000E+00  1.073E-08  2.256E-08  0.000E+00  0.000E+00  0.000E+00  0.000E+00
 778.0  196.38  1.608E+01  0.000E+00  9.512E-09  1.838E-08  0.000E+00  0.000E+00  0.000E+00  0.000E+00
 779.0  195.57  1.586E+01  0.000E+00  8.425E-09  1.494E-08  0.000E+00  0.000E+00  0.000E+00  0.000E+00
 780.0  194.75  1.565E+01  0.000E+00  7.454E-09  1.212E-08  0.000E+00  0.000E+00  0.000E+00  0.000E+00
 781.0  193.93  1.544E+01  0.000E+00  6.586E-09  9.811E-09  0.000E+00  0.000E+00  0.000E+00  0.000E+00
 782.0  193.11  1.524E+01  0.000E+00  5.813E-09  7.927E-09  0.000E+00  0.000E+00  0.000E+00  0.000E+00
 783.0  192.29  1.503E+01  0.000E+00  5.125E-09  6.391E-09  0.000E+00  0.000E+00  0.000E+00  0.000E+00
 784.0  191.47  1.483E+01  0.000E+00  4.512E-09  5.141E-09  0.000E+00  0.000E+00  0.000E+00  0.000E+00
 785.0  190.64  1.463E+01  0.000E+00  3.968E-09  4.127E-09  0.000E+00  0.000E+00  0.000E+00  0.000E+00
 786.0  189.82  1.443E+01  0.000E+00  3.485E-09  3.306E-09  0.000E+00  0.000E+00  0.000E+00  0.000E+00
 787.0  189.00  1.423E+01  0.000E+00  3.057E-09  2.643E-09  0.000E+00  0.000E+00  0.000E+00  0.000E+00
 788.0  188.17  1.404E+01  0.000E+00  2.677E-09  2.107E-09  0.000E+00  0.000E+00  0.000E+00  0.000E+00
 789.0  187.35  1.384E+01  0.000E+00  2.342E-09  1.677E-09  0.000E+00  0.000E+00  0.000E+00  0.000E+00
 790.0  186.52  1.365E+01  0.000E+00  2.046E-09  1.331E-09  0.000E+00  0.000E+00  0.000E+00  0.000E+00
 791.0  185.70  1.346E+01  0.000E+00  1.785E-09  1.054E-09  0.000E+00  0.000E+00  0.000E+00  0.000E+00
 792.0  184.87  1.327E+01  0.000E+00  1.556E-09  8.328E-10  0.000E+00  0.000E+00  0.000E+00  0.000E+00
 793.0  184.04  1.309E+01  0.000E+00  1.353E-09  6.564E-10  0.000E+00  0.000E+00  0.000E+00  0.000E+00
 794.0  183.22  1.290E+01  0.000E+00  1.176E-09  5.160E-10  0.000E+00  0.000E+00  0.000E+00  0.000E+00
 795.0  182.39  1.272E+01  0.000E+00  1.020E-09  4.047E-10  0.000E+00  0.000E+00  0.000E+00  0.000E+00
 796.0  181.56  1.254E+01  0.000E+00  8.837E-10  3.166E-10  0.000E+00  0.000E+00  0.000E+00  0.000E+00
 797.0  180.73  1.236E+01  0.000E+00  7.644E-10  2.470E-10  0.000E+00  0.000E+00  0.000E+00  0.000E+00
 798.0  179.90  1.218E+01  0.000E+00  6.602E-10  1.922E-10  0.000E+00  0.000E+00  0.000E+00  0.000E+00
 799.0  179.07  1.201E+01  0.000E+00  5.693E-10  1.492E-10  0.000E+00  0.000E+00  0.000E+00  0.000E+00
 800.0  178.24  1.183E+01  0.000E+00  4.902E-10  1.155E-10  0.000E+00  0.000E+00  0.000E+00  0.000E+00
 801.0  177.40  1.166E+01  0.000E+00  4.214E-10  8.911E-11  0.000E+00  0.000E+00  0.000E+00  0.000E+00
 802.0  176.57  1.149E+01  0.000E+00  3.616E-10  6.859E-11  0.000E+00  0.000E+00  0.000E+00  0.000E+00
 803.0  175.73  1.132E+01  0.000E+00  3.098E-10  5.265E-11  0.000E+00  0.000E+00  0.000E+00  0.000E+00
 804.0  174.90  1.115E+01  0.000E+00  2.650E-10  4.029E-11  0.000E+00  0.000E+00  0.000E+00  0.000E+00
 805.0  174.06  1.099E+01  0.000E+00  2.263E-10  3.074E-11  0.000E+00  0.000E+00  0.000E+00  0.000E+00
 806.0  173.23  1.083E+01  0.000E+00  1.929E-10  2.339E-11  0.000E+00  0.000E+00  0.000E+00  0.000E+00
 807.0  172.39  1.066E+01  0.000E+00  1.642E-10  1.774E-11  0.000E+00  0.000E+00  0.000E+00  0.000E+00
 808.0  171.55  1.050E+01  0.000E+00  1.395E-10  1.341E-11  0.000E+00  0.000E+00  0.000E+00  0.000E+00
 809.0  170.71  1.034E+01  0.000E+00  1.183E-10  1.011E-11  0.000E+00  0.000E+00  0.000E+00  0.000E+00
 810.0  169.87  1.019E+01  0.000E+00  1.001E-10  7.596E-12  0.000E+00  0.000E+00  0.000E+00  0.000E+00
 811.0  169.03  1.003E+01  0.000E+00  8.455E-11  5.689E-12  0.000E+00  0.000E+00  0.000E+00  0.000E+00
 812.0  168.19  9.877E+00  0.000E+00  7.129E-11  4.246E-12  0.000E+00  0.000E+00  0.000E+00  0.000E+00
 813.0  167.35  9.725E+00  0.000E+00  5.999E-11  3.159E-12  0.000E+00  0.000E+00  0.000E+00  0.000E+00
 814.0  166.51  9.574E+00  0.000E+00  5.039E-11  2.342E-12  0.000E+00  0.000E+00  0.000E+00  0.000E+00
 815.0  165.66  9.425E+00  0.000E+00  4.223E-11  1.730E-12  0.000E+00  0.000E+00  0.000E+00  0.000E+00
 816.0  164.82  9.278E+00  0.000E+00  3.533E-11  1.274E-12  0.000E+00  0.000E+00  0.000E+00  0.000E+00
 817.0  163.97  9.132E+00  0.000E+00  2.949E-11  9.342E-13  0.000E+00  0.000E+00  0.000E+00  0.000E+00
 818.0  163.13  8.987E+00  0.000E+00  2.456E-11  6.827E-13  0.000E+00  0.000E+00  0.000E+00  0.000E+00
 819.0  162.28  8.844E+00  0.000E+00  2.042E-11  4.971E-13  0.000E+00  0.000E+00  0.000E+00  0.000E+00
 820.0  161.43  8.703E+00  0.000E+00  1.693E-11  3.605E-13  0.000E+00  0.000E+00  0.000E+00  0.000E+00
 821.0  160.58  8.563E+00  0.000E+00  1.401E-11  2.605E-13  0.000E+00  0.000E+00  0.000E+00  0.000E+00
 822.0  159.73  8.425E+00  0.000E+00  1.157E-11  1.875E-13  0.000E+00  0.000E+00  0.000E+00  0.000E+00
 823.0  158.88  8.288E+00  0.000E+00  9.530E-12  1.344E-13  0.000E+00  0.000E+00  0.000E+00  0.000E+00
 824.0  158.03  8.153E+00  0.000E+00  7.832E-12  9.591E-14  0.000E+00  0.000E+00  0.000E+00  0.000E+00
 825.0  157.18  8.019E+00  0.000E+00  6.420E-12  6.817E-14  0.000E+00  0.000E+00  0.000E+00  0.000E+00
 826.0  156.32  7.887E+00  0.000E+00  5.251E-12  4.825E-14  0.000E+00  0.000E+00  0.000E+00  0.000E+00
 827.0  155.47  7.756E+00  0.000E+00  4.284E-12  3.401E-14  0.000E+00  0.000E+00  0.000E+00  0.000E+00
 828.0  154.61  7.627E+00  0.000E+00  3.486E-12  2.386E-14  0.000E+00  0.000E+00  0.000E+00  0.000E+00
 829.0  153.76  7.499E+00  0.000E+00  2.829E-12  1.667E-14  0.000E+00  0.000E+00  0.000E+00  0.000E+00
 830.0  152.90  7.372E+00  0.000E+00  2.290E-12  1.159E-14  0.000E+00  0.000E+00  0.000E+00  0.000E+00
 831.0  152.04  7.247E+00  0.000E+00  1.849E-12  8.018E-15  0.000E+00  0.000E+00  0.000E+00  0.000E+00
 832.0  151.18  7.124E+00  0.000E+00  1.488E-12  5.522E-15  0.000E+00  0.000E+00  0.000E+00  0.000E+00
 833.0  150.32  7.002E+00  0.000E+00  1.195E-12  3.785E-15  0.000E+00  0.000E+00  0.000E+00  0.000E+00
 834.0  149.46  6.881E+00  0.000E+00  9.568E-13  2.581E-15  0.000E+00  0.000E+00  0.000E+00  0.000E+00
 835.0  148.60  6.762E+00  0.000E+00  7.638E-13  1.751E-15  0.000E+00  0.000E+00  0.000E+00  0.000E+00
 836.0  147.74  6.644E+00  0.000E+00  6.079E-13  1.182E-15  0.000E+00  0.000E+00  0.000E+00  0.000E+00
 837.0  146.87  6.527E+00  0.000E+00  4.824E-13  7.938E-16  0.000E+00  0.000E+00  0.000E+00  0.000E+00
 838.0  146.01  6.412E+00  0.000E+00  3.816E-13  5.301E-16  0.000E+00  0.000E+00  0.000E+00  0.000E+00
 839.0  145.14  6.298E+00  0.000E+00  3.009E-13  3.521E-16  0.000E+00  0.000E+00  0.000E+00  0.000E+00
 840.0  144.27  6.186E+00  0.000E+00  2.365E-13  2.325E-16  0.000E+00  0.000E+00  0.000E+00  0.000E+00
 841.0  143.41  6.075E+00  0.000E+00  1.853E-13  1.527E-16  0.000E+00  0.000E+00  0.000E+00  0.000E+00
 842.0  142.54  5.965E+00  0.000E+00  1.447E-13  9.969E-17  0.000E+00  0.000E+00  0.000E+00  0.000E+00
 843.0  141.67  5.856E+00  0.000E+00  1.126E-13  6.469E-17  0.000E+00  0.000E+00  0.000E+00  0.000E+00
 844.0  140.79  5.749E+00  0.000E+00  8.735E-14  4.174E-17  0.000E+00  0.000E+00  0.000E+00  0.000E+00
 845.0  139.92  5.643E+00  0.000E+00  6.751E-14  2.676E-17  0.000E+00  0.000E+00  0.000E+00  0.000E+00
 846.0  139.05  5.539E+00  0.000E+00  5.198E-14  1.704E-17  0.000E+00  0.000E+00  0.000E+00  0.000E+00
 847.0  138.17  5.436E+00  0.000E+00  3.988E-14  1.078E-17  0.000E+00  0.000E+00  0.000E+00  0.000E+00
 848.0  137.30  5.334E+00  0.000E+00  3.048E-14  6.762E-18  0.000E+00  0.000E+00  0.000E+00  0.000E+00
 849.0  136.42  5.233E+00  0.000E+00  2.320E-14  4.237E-18  0.000E+00  0.000E+00  0.000E+00  0.000E+00
 850.0  135.54  5.134E+00  0.000E+00  1.759E-14  2.617E-18  0.000E+00  0.000E+00  0.000E+00  0.000E+00
 851.0  134.66  5.036E+00  0.000E+00  1.329E-14  1.451E-18  0.000E+00  5.977E-06  0.000E+00  0.000E+00
 852.0  133.78  4.939E+00  0.000E+00  9.993E-15  8.088E-19  0.000E+00  1.154E-05  0.000E+00  0.000E+00
 853.0  132.90  4.843E+00  0.000E+00  7.485E-15  5.620E-19  0.000E+00  1.007E-05  0.000E+00  0.000E+00
 854.0  132.01  4.749E+00  0.000E+00  5.582E-15  3.887E-19  0.000E+00  8.763E-06  0.000E+00  0.000E+00
 855.0  131.13  4.656E+00  0.000E+00  4.145E-15  2.676E-19  0.000E+00  7.601E-06  0.000E+00  0.000E+00
 856.0  130.24  4.564E+00  0.000E+00  3.064E-15  1.833E-19  0.000E+00  6.572E-06  0.000E+00  0.000E+00
 857.0  129.36  4.473E+00  0.000E+00  2.255E-15  1.250E-19  0.000E+00  5.663E-06  0.000E+00  0.000E+00
 858.0  128.47  4.384E+00  0.000E+00  1.651E-15  8.478E-20  0.000E+00  4.864E-06  0.000E+00  0.000E+00
 859.0  127.58  4.295E+00  0.000E+00  1.204E-15  5.722E-20  0.000E+00  4.164E-06  0.000E+00  0.000E+00
 860.0  126.69  4.208E+00  0.000E+00  8.730E-16  3.842E-20  0.000E+00  3.551E-06  0.000E+00  0.000E+00
 861.0  125.80  4.122E+00  0.000E+00  6.300E-16  2.566E-20  0.000E+00  3.018E-06  0.000E+00  0.000E+00
 862.0  124.91  4.038E+00  0.000E+00  4.523E-16  1.704E-20  0.000E+00  2.555E-06  0.000E+00  0.000E+00
 863.0  124.01  3.954E+00  0.000E+00  3.230E-16  1.125E-20  0.000E+00  2.155E-06  0.000E+00  0.000E+00
 864.0  123.12  3.872E+00  0.000E+00  2.294E-16  7.390E-21  0.000E+00  1.811E-06  0.000E+00  0.000E+00
 865.0  122.22  3.790E+00  0.000E+00  1.620E-16  4.824E-21  0.000E+00  1.515E-06  0.000E+00  0.000E+00
 866.0  121.32  3.710E+00  0.000E+00  1.138E-16  3.130E-21  0.000E+00  1.262E-06  0.000E+00  0.000E+00
 867.0  120.42  3.631E+00  0.000E+00  7.945E-17  2.018E-21  0.000E+00  1.047E-06  0.000E+00  0.000E+00
 868.0  119.52  3.553E+00  0.000E+00  5.514E-17  1.293E-21  0.000E+00  8.653E-07  0.000E+00  0.000E+00
 869.0  118.62  3.476E+00  0.000E+00  3.803E-17  8.234E-22  0.000E+00  7.116E-07  0.000E+00  0.000E+00
 870.0  117.72  3.400E+00  0.000E+00  2.606E-17  5.207E-22  0.000E+00  5.825E-07  0.000E+00  0.000E+00
 871.0  116.81  3.326E+00  0.000E+00  1.775E-17  3.271E-22  0.000E+00  4.746E-07  0.000E+00  0.000E+00
 872.0  115.90  3.252E+00  0.000E+00  1.200E-17  2.040E-22  0.000E+00  3.847E-07  0.000E+00  0.000E+00
 873.0  115.00  3.180E+00  0.000E+00  8.064E-18  1.263E-22  0.000E+00  3.103E-07  0.000E+00  0.000E+00
 874.0  114.09  3.108E+00  0.000E+00  5.379E-18  7.764E-23  0.000E+00  2.490E-07  0.000E+00  0.000E+00
 875.0  113.17  3.038E+00  0.000E+00  3.562E-18  4.737E-23  0.000E+00  1.988E-07  0.000E+00  0.000E+00
 876.0  112.26  2.969E+00  0.000E+00  2.342E-18  2.867E-23  0.000E+00  1.578E-07  0.000E+00  0.000E+00
 877.0  111.35  2.900E+00  0.000E+00  1.528E-18  1.722E-23  0.000E+00  1.245E-07  0.000E+00  0.000E+00
 878.0  110.43  2.833E+00  0.000E+00  9.887E-19  1.025E-23  0.000E+00  9.769E-08  0.000E+00  0.000E+00
 879.0  109.51  2.767E+00  0.000E+00  6.348E-19  6.057E-24  0.000E+00  7.619E-08  0.000E+00  0.000E+00
 880.0  108.59  2.701E+00  0.000E+00  4.042E-19  3.546E-24  0.000E+00  5.905E-08  0.000E+00  0.000E+00
 881.0  107.67  2.637E+00  0.000E+00  2.551E-19  2.058E-24  0.000E+00  4.548E-08  0.000E+00  0.000E+00
 882.0  106.75  2.574E+00  0.000E+00  1.597E-19  1.183E-24  0.000E+00  3.479E-08  0.000E+00  0.000E+00
 883.0  105.82  2.512E+00  0.000E+00  9.901E-20  6.742E-25  0.000E+00  2.643E-08  0.000E+00  0.000E+00
 884.0  104.90  2.450E+00  0.000E+00  6.082E-20  3.803E-25  0.000E+00  1.994E-08  0.000E+00  0.000E+00
 885.0  103.97  2.390E+00  0.000E+00  3.701E-20  2.124E-25  0.000E+00  1.493E-08  0.000E+00  0.000E+00
 886.0  103.04  2.331E+00  0.000E+00  2.230E-20  1.175E-25  0.000E+00  1.110E-08  0.000E+00  0.000E+00
 887.0  102.11  2.272E+00  0.000E+00  1.330E-20  6.426E-26  0.000E+00  8.188E-09  0.000E+00  0.000E+00
 888.0  101.17  2.215E+00  0.000E+00  7.846E-21  3.477E-26  0.000E+00  5.990E-09  0.000E+00  0.000E+00
 889.0  100.24  2.158E+00  0.000E+00  4.580E-21  1.861E-26  0.000E+00  4.346E-09  0.000E+00  0.000E+00
 890.0   99.30  2.103E+00  0.000E+00  2.644E-21  9.843E-27  0.000E+00  3.126E-09  0.000E+00  0.000E+00
 891.0   98.36  2.048E+00  0.000E+00  1.508E-21  5.145E-27  0.000E+00  2.229E-09  0.000E+00  0.000E+00
 892.0   97.42  1.994E+00  0.000E+00  8.504E-22  2.657E-27  0.000E+00  1.575E-09  0.000E+00  0.000E+00
 893.0   96.47  1.941E+00  0.000E+00  4.736E-22  1.355E-27  0.000E+00  1.102E-09  0.000E+00  0.000E+00
 894.0   95.53  1.890E+00  0.000E+00  2.604E-22  6.816E-28  0.000E+00  7.632E-10  0.000E+00  0.000E+00
 895.0   94.58  1.838E+00  0.000E+00  1.413E-22  3.384E-28  0.000E+00  5.234E-10  0.000E+00  0.000E+00
 896.0   93.63  1.788E+00  0.000E+00  7.564E-23  1.657E-28  0.000E+00  3.551E-10  0.000E+00  0.000E+00
 897.0   92.68  1.739E+00  0.000E+00  3.993E-23  7.996E-29  0.000E+00  2.383E-10  0.000E+00  0.000E+00
 898.0   91.73  1.691E+00  0.000E+00  2.077E-23  3.802E-29  0.000E+00  1.581E-10  0.000E+00  0.000E+00
 899.0   90.77  1.643E+00  0.000E+00  1.064E-23  1.780E-29  0.000E+00  1.036E-10  0.000E+00  0.000E+00
 900.0   89.81  1.596E+00  0.000E+00  5.369E-24  8.204E-30  0.000E+00  6.710E-11  0.000E+00  0.000E+00
 901.0   88.85  1.551E+00  0.000E+00  2.665E-24  3.719E-30  0.000E+00  4.290E-11  0.000E+00  0.000E+00
 902.0   87.89  1.506E+00  0.000E+00  1.301E-24  1.657E-30  0.000E+00  2.706E-11  0.000E+00  0.000E+00
 903.0   86.93  1.461E+00  0.000E+00  6.242E-25  7.258E-31  0.000E+00  1.684E-11  0.000E+00  0.000E+00
 904.0   85.96  1.418E+00  0.000E+00  2.941E-25  3.121E-31  0.000E+00  1.033E-11  0.000E+00  0.000E+00
 905.0   84.99  1.376E+00  0.000E+00  1.360E-25  1.317E-31  0.000E+00  6.240E-12  0.000E+00  0.000E+00
 906.0   84.02  1.334E+00  0.000E+00  6.170E-26  5.447E-32  0.000E+00  3.713E-12  0.000E+00  0.000E+00
 907.0   83.05  1.293E+00  0.000E+00  2.743E-26  2.208E-32  0.000E+00  2.173E-12  0.000E+00  0.000E+00
 908.0   82.07  1.253E+00  0.000E+00  1.194E-26  8.766E-33  0.000E+00  1.251E-12  0.000E+00  0.000E+00
 909.0   81.10  1.213E+00  0.000E+00  5.089E-27  3.404E-33  0.000E+00  7.074E-13  0.000E+00  0.000E+00
 910.0   80.12  1.175E+00  0.000E+00  2.120E-27  1.292E-33  0.000E+00  3.928E-13  0.000E+00  0.000E+00
 911.0   79.14  1.137E+00  0.000E+00  8.626E-28  4.792E-34  0.000E+00  2.140E-13  0.000E+00  0.000E+00
 912.0   78.15  1.100E+00  0.000E+00  3.426E-28  1.734E-34  0.000E+00  1.143E-13  0.000E+00  0.000E+00
 913.0   77.17  1.064E+00  0.000E+00  1.326E-28  6.116E-35  0.000E+00  5.979E-14  0.000E+00  0.000E+00
 914.0   76.18  1.028E+00  0.000E+00  5.001E-29  2.101E-35  0.000E+00  3.060E-14  0.000E+00  0.000E+00
 915.0   75.19  9.935E-01  0.000E+00  1.835E-29  7.021E-36  0.000E+00  1.531E-14  0.000E+00  0.000E+00
 916.0   74.19  9.595E-01  0.000E+00  6.540E-30  2.280E-36  0.000E+00  7.482E-15  0.000E+00  0.000E+00
 917.0   73.20  9.262E-01  0.000E+00  2.262E-30  7.185E-37  0.000E+00  3.566E-15  0.000E+00  0.000E+00
 918.0   72.20  8.936E-01  0.000E+00  7.587E-31  2.195E-37  0.000E+00  1.656E-15  1.081E-05  0.000E+00
 919.0   71.20  8.618E-01  0.000E+00  2.464E-31  6.496E-38  0.000E+00  7.490E-16  5.446E-05  0.000E+00
 920.0   70.21  8.308E-01  0.000E+00  7.756E-32  1.864E-38  0.000E+00  3.299E-16  4.466E-05  0.000E+00
 921.0   69.21  8.006E-01  0.000E+00  2.370E-32  5.196E-39  0.000E+00  1.416E-16  3.641E-05  0.000E+00
 922.0   68.22  7.713E-01  0.000E+00  7.017E-33  1.404E-39  0.000E+00  5.917E-17  2.949E-05  0.000E+00
 923.0   67.23  7.427E-01  0.000E+00  2.009E-33  3.670E-40  0.000E+00  2.401E-17  2.373E-05  0.000E+00
 924.0   66.24  7.148E-01  0.000E+00  5.547E-34  9.262E-41  0.000E+00  9.450E-18  1.896E-05  0.000E+00
 925.0   65.25  6.876E-01  0.000E+00  1.475E-34  2.252E-41  0.000E+00  3.600E-18  1.504E-05  0.000E+00
 926.0   64.26  6.611E-01  0.000E+00  3.769E-35  5.266E-42  0.000E+00  1.325E-18  1.183E-05  0.000E+00
 927.0   63.27  6.352E-01  0.000E+00  9.230E-36  1.181E-42  0.000E+00  4.704E-19  9.232E-06  0.000E+00
 928.0   62.27  6.100E-01  0.000E+00  2.162E-36  2.535E-43  0.000E+00  1.607E-19  7.140E-06  0.000E+00
 929.0   61.28  5.855E-01  0.000E+00  4.831E-37  5.197E-44  0.000E+00  5.269E-20  5.471E-06  0.000E+00
 930.0   60.29  5.616E-01  0.000E+00  1.027E-37  1.015E-44  0.000E+00  1.656E-20  4.152E-06  0.000E+00
 931.0   59.29  5.383E-01  0.000E+00  2.074E-38  1.882E-45  0.000E+00  4.972E-21  3.118E-06  0.000E+00
 932.0   58.30  5.156E-01  0.000E+00  3.962E-39  3.309E-46  0.000E+00  1.423E-21  2.316E-06  0.000E+00
 933.0   57.30  4.935E-01  0.000E+00  7.142E-40  5.495E-47  0.000E+00  3.875E-22  1.701E-06  0.000E+00
 934.0   56.30  4.720E-01  0.000E+00  1.211E-40  8.597E-48  0.000E+00  9.999E-23  1.234E-06  0.000E+00
 935.0   55.30  4.511E-01  0.000E+00  1.926E-41  1.263E-48  0.000E+00  2.439E-23  8.838E-07  0.000E+00
 936.0   54.30  4.307E-01  0.000E+00  2.861E-42  1.736E-49  0.000E+00  5.604E-24  6.245E-07  0.000E+00
 937.0   53.30  4.109E-01  0.000E+00  3.956E-43  2.226E-50  0.000E+00  1.209E-24  4.350E-07  0.000E+00
 
     Next Temperature <= Tropopause Temperature
     Execution Terminated
