-90.000000	1.219512
-89.700000	3.048780
-89.400000	5.487805
-89.100000	8.536585
-88.800000	10.975610
-88.500000	14.024390
-88.200000	16.463415
-87.900000	18.902439
-87.600000	21.951220
-87.300000	24.390244
-87.000000	27.439024
-86.700000	29.878049
-86.400000	32.317073
-86.100000	35.365854
-85.800000	37.804878
-85.500000	40.853659
-85.200000	43.292683
-84.900000	45.731707
-84.600000	48.170732
-84.300000	51.219512
-84.000000	53.658537
-83.700000	56.707317
-83.400000	59.146342
-83.100000	61.585366
-82.800000	64.024390
-82.500000	66.463415
-82.200000	68.902439
-81.900000	71.341464
-81.600000	73.780488
-81.300000	76.219512
-81.000000	78.658536
-80.700000	81.097561
-80.400000	83.536585
-80.100000	85.975610
-79.800000	88.414634
-79.500000	90.853659
-79.200000	93.292683
-78.900000	95.731707
-78.600000	98.170732
-78.300000	100.000000
-78.000000	101.829268
-77.700000	104.268293
-77.400000	106.707317
-77.100000	109.146342
-76.800000	110.975610
-76.500000	112.804878
-76.200000	114.634146
-75.900000	117.073171
-75.600000	118.902439
-75.300000	120.731707
-75.000000	122.560976
-74.700000	124.390244
-74.400000	126.219512
-74.100000	128.048780
-73.800000	129.268293
-73.500000	131.707317
-73.200000	132.926829
-72.900000	134.146341
-72.600000	137.804878
-72.300000	139.024390
-72.000000	139.634146
-71.700000	139.634146
-71.400000	140.243902
-71.100000	141.463414
-70.800000	144.512195
-70.500000	145.731707
-70.200000	146.951220
-69.900000	148.170732
-69.600000	149.390244
-69.300000	150.609756
-69.000000	151.829268
-68.700000	153.048780
-68.400000	153.658537
-68.100000	154.878049
-67.800000	155.487805
-67.500000	156.707317
-67.200000	157.317073
-66.900000	157.926829
-66.600000	159.146342
-66.300000	159.146342
-66.000000	160.365854
-65.700000	160.365854
-65.400000	161.585366
-65.100000	161.585366
-64.800000	162.195122
-64.500000	162.804878
-64.200000	162.804878
-63.900000	162.804878
-63.600000	163.414634
-63.300000	164.024390
-63.000000	164.024390
-62.700000	164.024390
-62.400000	164.024390
-62.100000	164.024390
-61.800000	164.024390
-61.500000	164.024390
-61.200000	164.024390
-60.900000	164.024390
-60.600000	164.024390
-60.300000	164.024390
-60.000000	163.414634
-59.700000	162.804878
-59.400000	162.804878
-59.100000	162.804878
-58.800000	161.585366
-58.500000	161.585366
-58.200000	160.975610
-57.900000	160.365854
-57.600000	159.756098
-57.300000	159.146342
-57.000000	157.926829
-56.700000	157.926829
-56.400000	156.707317
-56.100000	156.707317
-55.800000	155.487805
-55.500000	154.268293
-55.200000	153.658537
-54.900000	153.048780
-54.600000	151.829268
-54.300000	150.609756
-54.000000	149.390244
-53.700000	148.170732
-53.400000	146.951220
-53.100000	145.731707
-52.800000	144.512195
-52.500000	143.902439
-52.200000	142.682927
-51.900000	140.853658
-51.600000	139.634146
-51.300000	137.804878
-51.000000	136.585366
-50.700000	135.365854
-50.400000	134.146341
-50.100000	131.707317
-49.800000	130.487805
-49.500000	129.268293
-49.200000	128.048780
-48.900000	125.609756
-48.600000	124.390244
-48.300000	121.951220
-48.000000	120.731707
-47.700000	118.902439
-47.400000	117.073171
-47.100000	115.243903
-46.800000	113.414634
-46.500000	111.585366
-46.200000	109.756098
-45.900000	107.317073
-45.600000	105.487805
-45.300000	103.658537
-45.000000	101.219512
-44.700000	99.390244
-44.400000	97.560976
-44.100000	95.121951
-43.800000	88.501742
-43.500000	85.975610
-43.200000	85.365854
-42.900000	85.365854
-42.600000	84.146341
-42.300000	82.926829
-42.000000	82.926829
-41.700000	78.048781
-41.400000	74.611973
-41.100000	74.898374
-40.800000	72.865854
-40.500000	71.097561
-40.200000	71.273713
-39.900000	70.121951
-39.600000	67.770035
-39.300000	59.146342
-39.000000	56.707317
-38.700000	53.170732
-38.400000	50.000000
-38.100000	48.780488
-37.800000	40.701220
-37.500000	37.108014
-37.200000	33.658537
-36.900000	30.487805
-36.300000	32.926829
-36.000000	34.146341
-35.700000	35.365854
-35.400000	35.365854
-35.100000	29.573171
-34.800000	21.341463
-34.500000	18.902439
-34.200000	16.463415
-33.900000	14.024390
-33.600000	10.975610
-33.300000	8.536585
-33.000000	5.487805
-32.700000	2.439024
-32.400000	-0.609756
-32.100000	-3.048780
-31.800000	-4.878049
-31.500000	-10.298103
-31.200000	-11.585366
-30.900000	-13.414634
-30.600000	-14.634146
-30.300000	-15.853659
-30.000000	-20.356473
-29.700000	-24.390244
-29.400000	-26.829268
-29.100000	-28.048780
-28.800000	-31.097561
-28.500000	-34.146341
-28.200000	-35.365854
-27.900000	-36.585366
-27.600000	-39.146341
-27.300000	-39.024390
-27.000000	-44.183865
-26.700000	-47.560976
-26.400000	-49.113082
-26.100000	-51.067073
-25.800000	-53.658536
-25.500000	-56.910569
-25.200000	-59.756098
-24.900000	-60.975610
-24.600000	-62.195122
-24.300000	-63.414634
-24.000000	-65.505227
-23.700000	-73.780488
-23.400000	-76.219512
-23.100000	-78.658536
-22.800000	-81.097561
-22.500000	-83.536585
-22.200000	-85.975610
-21.900000	-87.804878
-21.600000	-90.243902
-21.300000	-93.292683
-21.000000	-95.121951
-20.700000	-96.951220
-20.400000	-99.390244
-20.100000	-101.829268
-19.800000	-104.268293
-19.500000	-106.707317
-19.200000	-108.536585
-18.900000	-110.975610
-18.600000	-112.804878
-18.300000	-115.243902
-18.000000	-117.682927
-17.700000	-119.512195
-17.400000	-121.341464
-17.100000	-123.780488
-16.800000	-125.609756
-16.500000	-127.439024
-16.200000	-129.878049
-15.900000	-131.707317
-15.600000	-133.536585
-15.300000	-135.365854
-15.000000	-137.804878
-14.700000	-139.024390
-14.400000	-141.463415
-14.100000	-142.682927
-13.800000	-145.121951
-13.500000	-146.341463
-13.200000	-148.170732
-12.900000	-150.000000
-12.600000	-151.219512
-12.300000	-153.658537
-12.000000	-154.878049
-11.700000	-156.097561
-11.400000	-158.536585
-11.100000	-159.756098
-10.800000	-160.975610
-10.500000	-162.195122
-10.200000	-164.024390
-9.900000	-165.853659
-9.600000	-167.073171
-9.300000	-168.292683
-9.000000	-169.512195
-8.700000	-170.731707
-8.400000	-171.951220
-8.100000	-173.170732
-7.800000	-174.390244
-7.500000	-175.609756
-7.200000	-176.829268
-6.900000	-178.048780
-6.600000	-178.658536
-6.300000	-179.878049
-6.000000	-181.097561
-5.700000	-182.317073
-5.400000	-182.926829
-5.100000	-183.536585
-4.800000	-184.756098
-4.500000	-185.975610
-4.200000	-185.975610
-3.900000	-187.195122
-3.600000	-187.195122
-3.300000	-188.414634
-3.000000	-189.634146
-2.700000	-189.634146
-2.400000	-189.634146
-2.100000	-190.853658
-1.800000	-190.853658
-1.500000	-192.073171
-1.200000	-192.073171
-0.900000	-192.682927
-0.600000	-193.292683
-0.300000	-193.902439
0.000000	-194.512195
0.299003	-195.121951
0.598007	-194.512195
0.897010	-194.512195
1.196013	-194.512195
2.093023	-194.512195
2.392027	-194.512195
2.691030	-194.512195
2.990033	-194.512195
3.289037	-194.512195
3.588040	-194.512195
3.887043	-193.902439
4.186047	-193.292683
4.485050	-193.292683
4.784053	-193.292683
5.083056	-193.292683
5.382060	-192.073171
5.681063	-192.073171
5.980066	-191.463415
6.279070	-190.853658
6.578073	-190.853658
6.877076	-189.634146
7.176080	-189.634146
7.475083	-188.414634
7.774086	-188.414634
8.073090	-187.195122
8.372093	-185.975610
8.671096	-185.975610
8.970100	-184.756098
9.269103	-184.146341
9.568106	-183.536585
9.867110	-182.317073
10.166113	-181.097561
10.465116	-179.878049
10.764120	-179.268293
11.063123	-178.048780
11.362126	-176.829268
11.661130	-175.609756
11.960133	-174.390244
12.259136	-173.170732
12.558140	-171.951220
12.857143	-170.731707
13.156146	-169.512195
13.455150	-168.292683
13.754153	-167.073171
14.053156	-165.853659
14.352159	-163.414634
14.651163	-162.195122
14.950166	-160.975610
15.249169	-159.756098
15.548173	-157.317073
15.847176	-156.097561
16.146179	-154.878049
16.445183	-152.439024
16.744186	-151.219512
17.043189	-149.390244
17.342193	-147.560976
17.641196	-145.731707
17.940199	-143.902439
18.239203	-142.073171
18.538206	-140.243902
18.837209	-137.804878
19.136213	-135.975610
19.435216	-134.146341
19.734219	-132.317073
20.033223	-129.878049
20.332226	-128.658536
20.631229	-126.219512
20.930233	-123.780488
21.229236	-120.731707
21.528239	-119.512195
21.827243	-117.682927
22.126246	-115.243902
22.425249	-112.804878
22.724252	-110.365854
23.023256	-107.926829
23.322259	-105.487805
23.621262	-103.048781
23.920266	-101.219512
24.219269	-99.390244
24.518272	-96.951220
24.817276	-94.512195
25.116279	-91.463415
25.415282	-89.024390
25.714286	-85.975610
26.013289	-83.536585
26.312292	-79.024390
26.611296	-75.000000
26.910299	-71.849593
27.209302	-70.644599
27.508306	-69.918699
27.807309	-69.740854
28.106312	-69.512195
28.405316	-67.926829
28.704319	-61.751663
29.003322	-56.097561
29.302326	-54.878049
29.601329	-53.048780
29.900332	-51.829268
30.199336	-50.609756
30.498339	-43.902439
30.797342	-41.463415
31.096346	-38.414634
31.395349	-35.975610
31.694352	-32.926829
31.993355	-29.878049
32.292359	-26.829268
32.591362	-24.390244
32.890365	-21.341463
33.189369	-18.292683
33.488372	-15.853659
33.787375	-12.804878
34.086379	-9.756098
34.385382	-7.317073
34.684385	-4.268293
34.983389	-1.219512
35.282392	3.048780
35.581395	4.268293
35.880399	7.317073
36.179402	10.365854
36.478405	13.414634
36.777409	15.853659
37.076412	19.512195
37.375415	21.951220
37.674419	25.000000
37.973422	28.048780
38.272425	31.097561
38.571429	34.146341
38.870432	36.585366
39.169435	39.634146
39.468439	42.682927
39.767442	45.121951
40.066445	48.170732
40.365449	51.219512
40.664452	54.268293
40.963455	56.707317
41.262458	59.756098
41.561462	62.804878
41.860465	65.243902
42.159468	68.292683
42.458472	71.341464
42.757475	73.780488
43.056478	76.829268
43.355482	79.268293
43.654485	82.317073
43.953488	85.365854
44.252492	87.804878
44.551495	90.853659
44.850498	93.292683
45.149502	95.731707
45.448505	98.780488
45.747508	101.219512
46.046512	104.268293
46.345515	106.707317
46.644518	109.146342
46.943522	111.585366
47.242525	114.024390
47.541528	116.463415
47.840532	118.902439
48.139535	121.341463
48.438538	123.780488
48.737542	126.219512
49.036545	128.658536
49.335548	131.097561
49.634551	133.536585
49.933555	135.975610
50.232558	138.414634
50.531561	140.853658
50.830565	143.292683
51.129568	145.731707
51.428571	147.560976
51.727575	150.000000
52.026578	151.829268
52.325581	154.268293
52.624585	156.097561
52.923588	158.536585
53.222591	160.365854
53.521595	162.195122
53.820598	164.024390
54.119601	165.853659
54.418605	168.292683
54.717608	170.121951
55.016611	171.951220
55.315615	173.170732
55.614618	175.609756
55.913621	176.829268
56.212625	178.048780
56.511628	180.487805
56.810631	181.707317
57.109635	182.926829
57.408638	184.756098
57.707641	185.975610
58.006645	187.804878
58.305648	189.024390
58.604651	190.243902
58.903654	191.463415
59.202658	192.682927
59.501661	193.902439
59.800664	195.121951
60.099668	195.731707
60.398671	196.951220
60.697674	198.170732
60.996678	199.390244
61.295681	199.390244
61.594684	200.609756
61.893688	201.829268
62.192691	201.829268
62.491694	203.048780
62.790698	203.048780
63.089701	204.268293
63.388704	204.268293
63.687708	204.878049
63.986711	205.487805
64.285714	205.487805
64.584718	205.487805
64.883721	206.707317
65.182724	206.707317
65.481728	206.707317
65.780731	206.707317
66.079734	206.707317
66.378738	206.707317
66.677741	206.707317
66.976744	206.707317
67.275748	206.097561
67.574751	205.487805
67.873754	205.487805
68.172757	205.487805
68.471761	204.268293
68.770764	204.268293
69.069767	203.048780
69.368771	203.048780
69.667774	201.829268
69.966777	201.829268
70.265781	200.609756
70.564784	199.390244
70.863787	198.780488
71.162791	197.560976
71.461794	196.341463
71.760797	195.731707
72.059801	193.902439
72.358804	192.682927
72.657807	191.463415
72.956811	190.243902
73.255814	189.024390
73.554817	186.585366
73.853821	185.365854
74.152824	184.146341
74.451827	181.707317
74.750831	180.487805
75.049834	178.048780
75.348837	176.219512
75.647841	174.390244
75.946844	172.560976
76.245847	170.121951
76.544850	167.682927
76.843854	165.243902
77.142857	162.804878
77.441860	160.365854
77.740864	157.926829
78.039867	155.487805
78.338870	153.048781
78.637874	150.609756
78.936877	147.560976
79.235880	145.121951
79.534884	141.463415
79.833887	139.024390
80.132890	135.365854
80.431894	132.926829
80.730897	129.268293
81.029900	126.829268
81.328904	123.170732
81.627907	119.512195
81.926910	115.853659
82.225914	112.804878
82.524917	109.146341
82.823920	105.487805
83.122924	101.829268
83.421927	98.170732
83.720930	94.512195
84.019934	89.634146
84.318937	85.975610
84.617940	82.317073
84.916944	78.048780
85.215947	73.780488
85.514950	69.512195
85.813953	65.243903
86.112957	60.975610
86.411960	56.707317
86.710963	52.439024
87.009967	47.560976
87.308970	42.682927
87.607973	37.804878
87.906977	32.926829
88.205980	28.658537
88.803987	18.902439
89.102990	14.024390
89.401993	8.536585
89.700997	4.268293
90.000000	0.609756
