	fo		Io 		Eo	     gammaNH3o 	     H2HeBroad
  3.4547640e-001  2.0657573e-038  5.5959632e+003  1.4051737e+001  2.1054946e+000
  6.0702160e-001  5.4197505e-039  6.0135590e+003  1.4051737e+001  2.1054946e+000
  6.2657370e-001  1.0918910e-038  5.6566693e+003  1.4051737e+001  2.1054946e+000
  6.8051520e-001  2.3311987e-038  5.6294043e+003  1.4051737e+001  2.1054946e+000
  6.9515150e-001  1.1810800e-038  5.9682291e+003  1.4051737e+001  2.1054946e+000
  7.4666740e-001  6.9739575e-039  5.2624191e+003  1.4051737e+001  2.1054946e+000
  7.6853580e-001  3.0979849e-038  5.2532561e+003  1.4051737e+001  2.1054946e+000
  8.0958260e-001  5.3159305e-038  5.9165705e+003  1.4051737e+001  2.1054946e+000
  8.2246590e-001  7.2942274e-039  6.2698714e+003  1.4051737e+001  2.1054946e+000
  8.4506700e-001  1.0358081e-037  5.5562599e+003  1.4051737e+001  2.1054946e+000
  8.5348850e-001  1.8551511e-037  5.2164604e+003  1.4051737e+001  2.1054946e+000
  9.2759280e-001  3.9571207e-037  5.1887870e+003  1.4051737e+001  2.1054946e+000
  9.6343350e-001  6.2759474e-038  5.8584716e+003  1.4051737e+001  2.1054946e+000
  9.6727650e-001  2.2499833e-037  5.5102303e+003  1.4051737e+001  2.1054946e+000
  1.0021059e+000  1.0601792e-037  4.8387012e+003  1.4051737e+001  2.1054946e+000
  1.0144469e+000  3.7868604e-038  6.1996372e+003  1.4051737e+001  2.1054946e+000
  1.0311982e+000  4.7073804e-037  4.8294042e+003  1.4051737e+001  2.1054946e+000
  1.1274139e+000  1.0124633e-036  5.4577676e+003  1.4051737e+001  2.1054946e+000
  1.1279070e+000  6.3107256e-039  6.5336733e+003  1.4051737e+001  2.1054946e+000
  1.1480579e+000  2.8266973e-036  4.7920869e+003  1.4051737e+001  2.1054946e+000
  1.1528924e+000  1.7550088e-036  5.1145449e+003  1.4051737e+001  2.1054946e+000
  1.1631937e+000  1.5402077e-037  5.7938044e+003  1.4051737e+001  2.1054946e+000
  1.1727670e+000  2.4075721e-038  6.0526457e+003  1.4051737e+001  2.1054946e+000
  1.2231558e+000  1.9837151e-035  4.7295656e+003  1.4051737e+001  2.1054946e+000
  1.2471163e+000  6.0142198e-036  4.7640086e+003  1.4051737e+001  2.1054946e+000
  1.2682171e+000  5.1271886e-038  6.1226511e+003  1.4051737e+001  2.1054946e+000
  1.2793076e+000  2.5833265e-036  5.1548344e+003  1.4051737e+001  2.1054946e+000
  1.3187357e+000  3.8025882e-036  5.0678177e+003  1.4051737e+001  2.1054946e+000
  1.3304585e+000  1.4477024e-036  4.4310739e+003  1.4051737e+001  2.1054946e+000
  1.3343841e+000  1.1813519e-036  5.3987556e+003  1.4051737e+001  2.1054946e+000
  1.3682998e+000  6.4206544e-036  4.4216448e+003  1.4051737e+001  2.1054946e+000
  1.4261445e+000  7.9009497e-037  5.7224234e+003  1.4051737e+001  2.1054946e+000
  1.4559494e+000  3.7755419e-038  6.4441699e+003  1.4051737e+001  2.1054946e+000
  1.5235332e+000  3.8519381e-035  4.3838069e+003  1.4051737e+001  2.1054946e+000
  1.5335384e+000  1.7024693e-035  5.0145530e+003  1.4051737e+001  2.1054946e+000
  1.5480624e+000  2.6557017e-035  4.6886755e+003  1.4051737e+001  2.1054946e+000
  1.6062719e+000  2.8812391e-036  5.3330608e+003  1.4051737e+001  2.1054946e+000
  1.6068676e+000  1.4520424e-037  6.0387346e+003  1.4051737e+001  2.1054946e+000
  1.6531001e+000  8.1710769e-035  4.3553281e+003  1.4051737e+001  2.1054946e+000
  1.7419494e+000  1.7647342e-035  4.0397917e+003  5.0200000e+000  4.3981492e-002
  1.7463530e+000  1.8351827e-030  2.3102336e+003  5.0200000e+000  4.3981492e-002
  1.7573856e+000  7.7442488e-039  6.7580684e+003  1.4051737e+001  2.1054946e+000
  1.7688554e+000  5.7395692e-035  4.6412545e+003  1.4051737e+001  2.1054946e+000
  1.7750307e+000  1.0616449e-036  5.6441634e+003  1.4051737e+001  2.1054946e+000
  1.7903672e+000  7.8159055e-035  4.0302325e+003  1.4051737e+001  2.1054946e+000
  1.8138507e+000  1.9832584e-035  4.9546296e+003  1.4051737e+001  2.1054946e+000
  1.9040728e+000  5.9235123e-038  6.3474584e+003  1.4051737e+001  2.1054946e+000
  1.9155858e+000  3.7607919e-034  4.3203880e+003  1.4051737e+001  2.1054946e+000
  1.9645070e+000  1.4722423e-035  5.2605314e+003  1.4051737e+001  2.1054946e+000
  1.9918542e+000  4.6792828e-034  3.9918777e+003  1.4051737e+001  2.1054946e+000
  2.0474410e+000  3.5907014e-034  4.2789131e+003  1.4051737e+001  2.1054946e+000
  2.0551462e+000  2.5649523e-034  4.5871914e+003  1.4051737e+001  2.1054946e+000
  2.0656540e+000  8.6472755e-037  5.9476855e+003  1.4051737e+001  2.1054946e+000
  2.1586480e+000  9.9032854e-034  3.9630033e+003  1.4051737e+001  2.1054946e+000
  2.1800351e+000  4.8270222e-035  4.8879086e+003  1.4051737e+001  2.1054946e+000
  2.2435656e+000  3.0010919e-036  5.5588374e+003  1.3300000e+000  2.6621280e-003
  2.2437424e+000  3.6047844e-039  7.0638559e+003  1.3300000e+000  2.6621280e-003
  2.2461835e+000  1.9150464e-034  3.6651077e+003  1.3300000e+000  2.6621280e-003
  2.3074068e+000  8.4757726e-034  3.6554205e+003  2.6600000e+000  1.1020125e-002
  2.3272207e+000  3.9443850e-033  3.9275782e+003  1.4051737e+001  2.1054946e+000
  2.3367666e+000  7.7442488e-034  4.2308033e+003  1.4051737e+001  2.1054946e+000
  2.3758224e+000  5.4234957e-038  6.6481864e+003  1.4051737e+001  2.1054946e+000
  2.4270357e+000  2.9818054e-034  4.5263603e+003  1.4051737e+001  2.1054946e+000
  2.4412547e+000  1.9764203e-035  5.1809945e+003  1.4051737e+001  2.1054946e+000
  2.5296590e+000  1.9659809e-037  6.2432907e+003  1.4051737e+001  2.1054946e+000
  2.5647008e+000  5.0649982e-033  3.6165547e+003  5.3200000e+000  5.0327949e-002
  2.6630801e+000  2.4642190e-034  4.8142312e+003  1.4051737e+001  2.1054946e+000
  2.6677545e+000  4.3339041e-033  3.8855181e+003  1.4051737e+001  2.1054946e+000
  2.6983959e+000  1.3607530e-036  5.8492745e+003  1.4051737e+001  2.1054946e+000
  2.7117310e+000  3.4544531e-033  4.1759475e+003  1.4051737e+001  2.1054946e+000
  2.7767845e+000  1.0699890e-032  3.5872905e+003  6.6500000e+000  8.6453499e-002
  2.8527972e+000  1.8513106e-033  3.3072725e+003  1.4000000e+000  2.9617020e-003
  2.8820452e+000  1.7917578e-035  5.4662334e+003  1.4051737e+001  2.1054946e+000
  2.9140357e+000  7.2506893e-034  4.4586164e+003  2.8000000e+000  1.2306406e-002
  2.9294711e+000  8.1880276e-033  3.2974598e+003  2.8000000e+000  1.2306406e-002
  3.0418049e+000  9.3363967e-033  3.8367266e+003  1.4051737e+001  2.1054946e+000
  3.0588271e+000  3.8947474e-039  7.3607977e+003  1.4051737e+001  2.1054946e+000
  3.0835131e+000  5.5973092e-035  5.0942544e+003  7.9800000e+000  1.3907880e-001
  3.0870754e+000  4.5350209e-032  3.5513834e+003  7.9800000e+000  1.3907880e-001
  3.1398382e+000  1.4173571e-038  6.9402813e+003  1.4051737e+001  2.1054946e+000
  3.1998270e+000  4.0140178e-033  4.1142145e+003  1.4051737e+001  2.1054946e+000
  3.2538023e+000  4.8896672e-032  3.2580910e+003  5.6100000e+000  5.6992824e-002
  3.2690654e+000  1.0115312e-037  6.5304356e+003  1.4051737e+001  2.1054946e+000
  3.3069100e+000  3.3119159e-034  4.7334169e+003  1.4051737e+001  2.1054946e+000
  3.4207756e+000  1.3889266e-036  6.1313837e+003  9.3100000e+000  2.1436526e-001
  3.4259486e+000  4.6738987e-032  3.5087498e+003  9.3100000e+000  2.1436526e-001
  3.5205681e+000  1.0319990e-031  3.2284441e+003  7.0100000e+000  9.8832082e-002
  3.5271164e+000  4.1636987e-032  3.7810855e+003  1.4051737e+001  2.1054946e+000
  3.5569732e+000  3.7049239e-033  4.3837939e+003  1.4800000e+000  3.3151140e-003
  3.5712341e+000  1.5965381e-032  2.9665339e+003  1.4800000e+000  3.3151140e-003
  3.5864140e+000  4.5507114e-036  5.7432404e+003  1.4051737e+001  2.1054946e+000
  3.6663740e+000  7.0595870e-032  2.9565986e+003  2.9600000e+000  1.3835752e-002
  3.7653157e+000  2.8358242e-035  5.3661106e+003  1.4051737e+001  2.1054946e+000
  3.8389987e+000  9.7651585e-033  4.0454533e+003  8.4100000e+000  1.6066987e-001
  3.8596889e+000  4.2567613e-031  3.1920653e+003  8.4100000e+000  1.6066987e-001
  3.9036443e+000  1.0066519e-031  3.4592854e+003  1.0640000e+001  3.2057483e-001
  3.9601658e+000  3.3556704e-034  5.0000887e+003  1.4051737e+001  2.1054946e+000
  4.0704672e+000  4.2157932e-031  2.9167368e+003  5.9300000e+000  6.5125036e-002
  4.1589864e+000  4.8392638e-032  3.7184586e+003  4.4500000e+000  3.3359967e-002
  4.1749745e+000  9.4054439e-034  4.6452605e+003  4.4500000e+000  3.3359967e-002
  4.1762570e+000  4.4645665e-031  2.9400059e+003  4.4500000e+000  3.3359967e-002
  4.3388973e+000  4.5069143e-031  3.1488656e+003  9.8100000e+000  2.5040547e-001
  4.4024868e+000  8.8977315e-031  2.8867151e+003  7.4100000e+000  1.1416826e-001
  4.4078175e+000  8.5463229e-039  7.2228526e+003  1.5700000e+000  3.7361550e-003
  4.4098941e+000  1.2304934e-031  2.6431358e+003  1.5700000e+000  3.7361550e-003
  4.4143169e+000  4.9886071e-033  4.3017040e+003  1.5700000e+000  3.7361550e-003
  4.4727690e+000  1.1922829e-037  6.8083222e+003  1.4051737e+001  2.1054946e+000
  4.5238615e+000  4.4913748e-031  3.4028689e+003  1.1970000e+001  4.6856011e-001
  4.5268055e+000  5.4422601e-031  2.6330810e+003  1.1970000e+001  4.6856011e-001
  4.5816955e+000  4.0362615e-037  6.4044674e+003  1.4051737e+001  2.1054946e+000
  4.6831668e+000  4.9966542e-032  3.9694911e+003  1.4051737e+001  2.1054946e+000
  4.7103919e+000  2.6198673e-036  6.0114143e+003  1.4051737e+001  2.1054946e+000
  4.8512476e+000  3.2432416e-035  5.6292852e+003  8.8900000e+000  1.8783205e-001
  4.8520583e+000  3.7126097e-030  2.8498733e+003  8.8900000e+000  1.8783205e-001
  4.9418176e+000  9.7113431e-031  3.0987391e+003  1.1210000e+001  3.7871867e-001
  4.9869898e+000  1.1786349e-031  3.6486886e+003  6.2900000e+000  7.5198266e-002
  5.0041741e+000  9.5472720e-035  5.2581941e+003  6.2900000e+000  7.5198266e-002
  5.0245829e+000  3.2507180e-030  2.5927382e+003  6.2900000e+000  7.5198266e-002
  5.1721555e+000  5.3367800e-034  4.8982443e+003  1.4051737e+001  2.1054946e+000
  5.3319382e+000  5.2249158e-031  3.3393586e+003  1.3300000e+001  6.7232994e-001
  5.3592676e+000  5.6582131e-033  4.5495289e+003  1.6700000e+000  4.2433650e-003
  5.3749776e+000  8.4894450e-031  2.3373174e+003  1.6700000e+000  4.2433650e-003
  5.4225169e+000  3.8893703e-030  2.8061200e+003  1.0370000e+001  2.9641337e-001
  5.4332400e+000  6.8656126e-030  2.5623512e+003  7.8600000e+000  1.3349381e-001
  5.5171582e+000  3.7547351e-030  2.3271468e+003  3.3500000e+000  1.7913756e-002
  5.5699362e+000  1.4202974e-032  4.2121321e+003  1.4051737e+001  2.1054946e+000
  5.7250900e+000  4.3378976e-030  3.0415592e+003  1.2620000e+001  5.5974192e-001
  5.8087810e+000  6.7418533e-032  3.8861306e+003  1.4051737e+001  2.1054946e+000
  5.9739300e+000  2.8541665e-029  2.5250581e+003  9.4300000e+000  2.2264434e-001
  6.0807066e+000  6.0419802e-031  3.5715950e+003  6.6900000e+000  8.7895189e-002
  6.1233700e+000  2.2458425e-029  2.2863369e+003  6.6900000e+000  8.7895189e-002
  6.1746901e+000  8.3903349e-030  2.7553444e+003  1.1860000e+001  4.5395747e-001
  6.3910840e+000  1.2749093e-030  3.2685906e+003  1.4630000e+001  9.4969030e-001
  6.4386400e+000  4.1838807e-028  1.7516401e+003  5.7600000e+000  6.0883346e-002
  6.4666869e+000  4.0297611e-038  7.0759170e+003  1.7900000e+000  4.8621390e-003
  6.4692718e+000  5.2490329e-030  2.0493122e+003  1.7900000e+000  4.8621390e-003
  6.4835516e+000  2.6889288e-037  6.6675616e+003  1.4051737e+001  2.1054946e+000
  6.5292663e+000  1.1772787e-038  7.4948521e+003  1.4051737e+001  2.1054946e+000
  6.5332302e+000  3.4488896e-036  6.2698870e+003  1.4051737e+001  2.1054946e+000
  6.5979742e+000  1.0565238e-035  5.8830140e+003  8.3700000e+000  1.5832888e-001
  6.6211500e+000  4.7465635e-029  2.2555952e+003  8.3700000e+000  1.5832888e-001
  6.6402300e+000  2.3220913e-029  2.0390297e+003  3.5800000e+000  2.0681086e-002
  6.6737607e+000  6.1656561e-035  5.5070679e+003  1.1000000e+001  3.5632727e-001
  6.6904500e+000  3.0073176e-029  2.4807640e+003  1.1000000e+001  3.5632727e-001
  6.7459584e+000  5.0545128e-030  2.9771786e+003  1.4020000e+001  8.1183591e-001
  6.7623699e+000  6.8450921e-034  5.1421698e+003  1.4051737e+001  2.1054946e+000
  6.8676077e+000  1.8050087e-033  4.7884319e+003  1.4051737e+001  2.1054946e+000
  6.9937199e+000  9.0319037e-033  4.4459559e+003  1.4051737e+001  2.1054946e+000
  7.1448883e+000  8.5699699e-032  4.1148333e+003  1.3340000e+001  6.7919593e-001
  7.1523000e+000  3.7538706e-029  2.6974156e+003  1.3340000e+001  6.7919593e-001
  7.2858642e+000  1.9786970e-028  2.2178636e+003  1.0000000e+001  2.6822801e-001
  7.3252079e+000  1.9247720e-031  3.7951468e+003  7.1000000e+000  1.0422817e-001
  7.3700981e+000  1.3905266e-028  1.9977686e+003  7.1000000e+000  1.0422817e-001
  7.5388489e+000  8.1729586e-031  3.4869717e+003  1.4051737e+001  2.1054946e+000
  7.6180744e+000  6.4979939e-029  2.4293546e+003  1.2600000e+001  5.5337699e-001
  7.6910303e+000  2.9099083e-029  1.7793469e+003  1.9200000e+000  5.6280470e-003
  7.7902640e+000  6.5490649e-030  3.1903770e+003  1.5960000e+001  1.3229607e+000
  7.8944538e+000  1.2878916e-028  1.7689569e+003  3.8000000e+000  2.4160310e-002
  7.9693200e+000  2.9422481e-028  1.9666843e+003  8.9400000e+000  1.9098208e-001
  8.0844800e+000  1.2361731e-029  2.9054267e+003  1.5420000e+001  1.1584685e+000
  8.1528200e+000  2.0843915e-028  2.1730442e+003  1.1700000e+001  4.3615425e-001
  8.4268600e+000  4.3840883e-029  2.6321806e+003  1.4820000e+001  9.9662903e-001
  8.7628760e+000  7.7246586e-028  1.7272624e+003  7.7000000e+000  1.2574871e-001
  8.7669650e+000  1.2276634e-027  1.9285289e+003  7.7000000e+000  1.2574871e-001
  8.8241800e+000  2.9132603e-028  2.3706940e+003  1.4100000e+001  8.3911995e-001
  9.0330197e+000  1.4480358e-028  1.5276403e+003  2.1000000e+000  6.5921800e-003
  9.2652405e+000  1.2995090e-032  4.6703201e+003  4.2000000e+000  2.8624191e-002
  9.2722000e+000  6.4117901e-028  1.5171478e+003  4.2000000e+000  2.8624191e-002
  9.2747067e+000  3.0660505e-032  4.3342369e+003  4.2000000e+000  2.8624191e-002
  9.2833063e+000  1.3073121e-033  5.0176775e+003  1.3400000e+001  6.8792915e-001
  9.2836500e+000  4.5131451e-028  2.1210185e+003  1.3400000e+001  6.8792915e-001
  9.3153246e+000  1.3730277e-031  4.0095278e+003  1.4051737e+001  2.1054946e+000
  9.3246702e+000  2.5002262e-034  5.3761986e+003  1.4051737e+001  2.1054946e+000
  9.3846338e+000  9.0966042e-035  5.7457642e+003  9.6000000e+000  2.3508391e-001
  9.3902956e+000  1.1654115e-030  3.6962829e+003  9.6000000e+000  2.3508391e-001
  9.4590500e+000  7.8755211e-036  6.1262505e+003  9.6000000e+000  2.3508391e-001
  9.4760740e+000  1.6363617e-027  1.6958489e+003  9.6000000e+000  2.3508391e-001
  9.5026908e+000  2.3403418e-030  3.3945831e+003  1.4051737e+001  2.1054946e+000
  9.5471727e+000  1.2992098e-036  6.5175379e+003  1.4051737e+001  2.1054946e+000
  9.6557206e+000  8.8854473e-030  3.1045022e+003  1.7290000e+001  1.8197659e+000
  9.6580133e+000  4.0952394e-037  6.9195235e+003  1.7290000e+001  1.8197659e+000
  9.6708500e+000  2.4042482e-028  2.0218180e+003  5.3000000e+000  5.1377352e-002
  9.8143680e+000  1.2962217e-027  1.8832015e+003  1.2500000e+001  5.4535817e-001
  9.8228109e+000  3.1001257e-038  7.3321369e+003  1.2500000e+001  5.4535817e-001
  9.8530700e+000  6.3691180e-029  2.8261076e+003  1.6820000e+001  1.6291971e+000
  1.0098385e+001  1.0749278e-028  2.5594620e+003  1.6300000e+001  1.4377525e+000
  1.0116983e+001  4.5622523e-039  7.7553539e+003  1.4051737e+001  2.1054946e+000
  1.0293659e+001  3.8519381e-027  1.4750398e+003  8.4000000e+000  1.5492737e-001
  1.0397150e+001  3.4109810e-028  2.3046234e+003  1.5700000e+001  1.2469151e+000
  1.0426949e+001  6.8403653e-027  1.6572864e+003  1.1600000e+001  4.1398771e-001
  1.0465978e+001  1.4183366e-029  2.6162006e+003  4.7200000e+000  3.8107554e-002
  1.0481783e+001  6.4726079e-028  1.2944025e+003  2.4000000e+000  7.8301310e-003
  1.0536183e+001  1.3439382e-026  1.2661440e+003  6.9000000e+000  9.0397209e-002
  1.0754530e+001  2.0280530e-027  2.0616460e+003  1.5100000e+001  1.0585767e+000
  1.0759771e+001  2.8666805e-027  1.2838130e+003  1.5100000e+001  1.0585767e+000
  1.0836127e+001  4.2793647e-027  1.4996110e+003  6.3000000e+000  7.3405328e-002
  1.1132722e+001  8.1710769e-027  1.4433121e+003  1.0400000e+001  2.9657899e-001
  1.1177268e+001  2.8124143e-027  1.8305797e+003  1.4300000e+001  8.7510680e-001
  1.1673171e+001  7.2340132e-027  1.6114706e+003  1.3500000e+001  6.9940985e-001
  1.1947244e+001  1.7253583e-026  1.2413132e+003  9.2000000e+000  1.9587914e-001
  1.2017172e+001  2.5994370e-027  1.0798335e+003  2.9000000e+000  9.4577330e-003
  1.2168540e+001  2.5537554e-029  3.0107195e+003  1.8620000e+001  2.4739031e+000
  1.2176654e+001  1.4222610e-029  3.2941596e+003  1.8620000e+001  2.4739031e+000
  1.2211810e+001  8.6712019e-029  2.7389961e+003  1.8220000e+001  2.2607544e+000
  1.2234400e+001  1.8736104e-030  3.5892445e+003  1.2500000e+001  5.3494597e-001
  1.2250526e+001  1.1640705e-031  3.6390827e+003  1.2500000e+001  5.3494597e-001
  1.2251330e+001  3.4204189e-026  1.4043607e+003  1.2500000e+001  5.3494597e-001
  1.2308478e+001  5.5574978e-028  2.4790555e+003  1.7780000e+001  2.0424283e+000
  1.2336462e+001  1.1520711e-026  1.0691529e+003  5.3000000e+000  4.2438733e-002
  1.2340445e+001  4.6792828e-031  3.8958946e+003  5.3000000e+000  4.2438733e-002
  1.2461466e+001  8.3903349e-028  2.2309586e+003  1.7300000e+001  1.8198998e+000
  1.2493507e+001  2.2160487e-031  4.2140218e+003  1.4051737e+001  2.1054946e+000
  1.2674210e+001  2.3816574e-027  1.9947619e+003  1.6700000e+001  1.5945648e+000
  1.2692037e+001  2.4916056e-032  4.5435278e+003  1.4051737e+001  2.1054946e+000
  1.2923040e+001  3.6642011e-026  1.2092877e+003  1.1500000e+001  3.8567179e-001
  1.2933815e+001  5.3220542e-033  4.8843037e+003  1.1500000e+001  3.8567179e-001
  1.2951048e+001  1.2672996e-026  1.7705179e+003  1.6100000e+001  1.3683614e+000
  1.3215571e+001  2.1621175e-033  5.2362322e+003  7.8000000e+000  1.1431071e-001
  1.3296342e+001  6.5460497e-026  1.0513131e+003  7.8000000e+000  1.1431071e-001
  1.3297266e+001  1.5735455e-026  1.5582751e+003  7.8000000e+000  1.1431071e-001
  1.3532858e+001  2.0887155e-034  5.5991915e+003  3.5000000e+000  1.1660125e-002
  1.3612146e+001  9.3946217e-027  8.8412220e+002  3.5000000e+000  1.1660125e-002
  1.3700883e+001  6.9451127e-026  1.0262851e+003  1.0300000e+001  2.5583426e-001
  1.3719230e+001  3.6255951e-026  1.3580782e+003  1.4600000e+001  9.2469718e-001
  1.3880644e+001  3.8404251e-035  5.9730636e+003  6.2000000e+000  5.3603859e-002
  1.3974605e+001  4.1646576e-026  8.7335690e+002  6.2000000e+000  5.3603859e-002
  1.3997599e+001  9.1112780e-031  3.2808971e+003  4.2100000e+000  2.9464611e-002
  1.4224647e+001  1.5366653e-025  1.1699677e+003  1.3700000e+001  7.1517343e-001
  1.4255450e+001  1.3445572e-035  6.3577469e+003  8.9000000e+000  1.4953516e-001
  1.4376817e+001  2.1571448e-025  8.5538540e+002  8.9000000e+000  1.4953516e-001
  1.4660443e+001  1.1209321e-036  6.7531703e+003  1.4051737e+001  2.1054946e+000
  1.4822527e+001  1.4773361e-025  9.9397980e+002  1.2700000e+001  5.2088439e-001
  1.5115540e+001  1.7839361e-037  7.1593032e+003  1.8900000e+001  2.6129411e+000
  1.5192782e+001  4.3539085e-027  2.1494866e+003  1.8900000e+001  2.6129411e+000
  1.5195390e+001  5.8800267e-027  1.9201748e+003  1.8900000e+001  2.6129411e+000
  1.5233229e+001  3.0582945e-026  7.0744510e+002  4.4000000e+000  1.4748949e-002
  1.5258388e+001  7.5976502e-028  2.3907261e+003  1.9260000e+001  2.8604003e+000
  1.5267808e+001  1.4930670e-026  1.7028456e+003  1.9260000e+001  2.8604003e+000
  1.5391406e+001  2.5025300e-028  2.6438340e+003  1.9620000e+001  3.0982376e+000
  1.5412486e+001  7.1117961e-026  1.4975498e+003  1.7300000e+001  1.8201318e+000
  1.5523900e+001  2.5152392e-025  8.3014690e+002  1.1600000e+001  3.4834024e-001
  1.5591871e+001  1.5587602e-028  2.9087459e+003  1.9950000e+001  3.3262845e+000
  1.5632806e+001  7.9064094e-026  1.3043345e+003  1.6700000e+001  1.5445562e+000
  1.5639761e+001  1.3563735e-025  6.9660200e+002  1.6700000e+001  1.5445562e+000
  1.5675189e+001  5.4435134e-038  7.5761481e+003  1.4051737e+001  2.1054946e+000
  1.5860425e+001  2.2970968e-029  3.1853914e+003  1.6000000e+001  1.2685025e+000
  1.5933213e+001  1.6325981e-025  1.1232426e+003  1.6000000e+001  1.2685025e+000
  1.6198324e+001  6.4147435e-030  3.4736928e+003  1.5200000e+001  9.9726082e-001
  1.6319324e+001  6.2069650e-025  9.5431320e+002  1.5200000e+001  9.9726082e-001
  1.6455099e+001  7.3532494e-025  6.7849450e+002  1.0500000e+001  2.0452986e-001
  1.6456102e+001  4.0167916e-039  8.0036861e+003  1.0500000e+001  2.0452986e-001
  1.6607249e+001  3.3976551e-030  3.7735634e+003  1.4051737e+001  2.1054946e+000
  1.6798134e+001  5.3577112e-025  7.9758120e+002  1.4300000e+001  7.3815702e-001
  1.6840972e+001  8.9904058e-026  5.4996530e+002  5.8000000e+000  1.9284080e-002
  1.7089068e+001  4.2695224e-031  4.0849067e+003  1.4051737e+001  2.1054946e+000
  1.7291493e+001  3.9891402e-025  5.3905160e+002  9.2000000e+000  9.5806472e-002
  1.7378110e+001  8.2069029e-025  6.5307730e+002  1.3400000e+001  5.0085687e-001
  1.7645488e+001  1.0190120e-031  4.4076154e+003  1.4051737e+001  2.1054946e+000
  1.8017337e+001  2.1221657e-024  5.2082860e+002  1.2500000e+001  2.9717946e-001
  1.8127106e+001  3.5849186e-025  1.2429744e+003  1.8800000e+001  2.5043591e+000
  1.8162353e+001  3.5700911e-025  1.0689786e+003  1.8200000e+001  2.1683433e+000
  1.8177808e+001  8.4096766e-026  1.4291181e+003  1.8200000e+001  2.1683433e+000
  1.8277665e+001  4.6246545e-032  4.7415740e+003  1.7600000e+001  1.8205868e+000
  1.8285434e+001  6.6081409e-025  9.0717200e+002  1.7600000e+001  1.8205868e+000
  1.8313665e+001  3.7015132e-026  1.6273641e+003  1.9700000e+001  3.1316214e+000
  1.8391562e+001  2.3948554e-025  4.1183100e+002  7.2000000e+000  2.6359993e-002
  1.8499390e+001  2.2551701e-024  7.5759210e+002  1.7000000e+001  1.4660723e+000
  1.8534911e+001  3.0646388e-026  1.8376633e+003  2.0100000e+001  3.4211929e+000
  1.8808507e+001  1.7505693e-024  6.2027230e+002  1.6400000e+001  1.1131164e+000
  1.8842786e+001  5.9810757e-027  2.0599623e+003  2.0500000e+001  3.6947924e+000
  1.8884695e+001  1.0631127e-024  4.0085450e+002  1.1000000e+001  1.3969043e-001
  1.8985838e+001  4.9886071e-033  5.0866622e+003  1.4051737e+001  2.1054946e+000
  1.9218465e+001  2.4181281e-024  4.9524180e+002  1.5800000e+001  7.7476290e-001
  1.9239537e+001  2.2043436e-027  2.2942035e+003  2.0750000e+001  3.9529535e+000
  1.9728310e+001  1.5359578e-027  2.5403240e+003  2.1030000e+001  4.1964011e+000
  1.9757538e+001  5.7039971e-024  3.8252510e+002  1.4800000e+001  4.7007899e-001
  1.9769250e+001  1.0244229e-033  5.4427641e+003  1.4800000e+001  4.7007899e-001
  1.9838346e+001  5.8140572e-025  2.9317490e+002  8.9000000e+000  3.8374271e-002
  2.0313474e+001  2.5326740e-028  2.7982551e+003  2.1280000e+001  4.4259554e+000
  2.0371450e+001  2.5815426e-024  2.8214380e+002  1.3400000e+001  2.2389407e-001
  2.0626771e+001  4.0038638e-034  5.8097798e+003  1.9300000e+001  2.3051885e+000
  2.0719221e+001  7.3820893e-024  5.7998650e+002  1.9300000e+001  2.3051885e+000
  2.0735452e+001  2.4070178e-024  7.1006330e+002  1.9300000e+001  2.3051885e+000
  2.0804830e+001  5.1651067e-024  4.6221980e+002  1.9000000e+001  1.8216734e+000
  2.0852527e+001  1.4490364e-024  8.5241830e+002  2.0100000e+001  3.1912964e+000
  2.0994617e+001  6.4547481e-024  3.5679090e+002  1.8500000e+001  1.3254593e+000
  2.1000162e+001  7.9118728e-029  3.0679207e+003  1.8500000e+001  1.3254593e+000
  2.1070739e+001  1.6239748e-024  1.0070157e+003  2.0400000e+001  3.5875817e+000
  2.1134311e+001  1.2989107e-024  1.9411290e+002  1.0700000e+001  6.1501493e-002
  2.1196489e+001  5.3416976e-032  4.0139505e+003  1.7700000e+001  8.4204333e-001
  2.1285275e+001  1.3819085e-023  2.6372330e+002  1.7700000e+001  8.4204333e-001
  2.1391625e+001  4.2557813e-025  1.1738155e+003  2.0800000e+001  3.9531974e+000
  2.1558983e+001  3.7245971e-035  6.1876397e+003  1.6100000e+001  4.1689556e-001
  2.1703358e+001  5.7687178e-024  1.8303570e+002  1.6100000e+001  4.1689556e-001
  2.1794573e+001  4.6868310e-029  3.3492356e+003  2.1200000e+001  4.2900115e+000
  2.1817984e+001  2.0940126e-025  1.3527740e+003  2.1200000e+001  4.2900115e+000
  2.2234506e+001  2.7213180e-024  1.1474320e+002  1.1700000e+001  1.1610441e-001
  2.2353912e+001  1.9394532e-025  1.5438432e+003  2.1500000e+001  4.6002816e+000
  2.2572833e+001  6.6005374e-036  6.5763138e+003  2.1700000e+001  2.6162720e+000
  2.2653022e+001  1.5695650e-023  2.3785930e+002  2.1700000e+001  2.6162720e+000
  2.2688312e+001  3.0929956e-023  1.6453770e+002  2.1000000e+001  1.8253884e+000
  2.2703750e+001  6.5853566e-030  3.6421048e+003  2.1000000e+001  1.8253884e+000
  2.2732429e+001  1.3803185e-023  3.2357560e+002  2.1900000e+001  3.3282926e+000
  2.2834185e+001  1.2088692e-023  1.0362870e+002  1.8500000e+001  1.0047562e+000
  2.2924940e+001  2.1816210e-023  4.2166490e+002  2.2100000e+001  3.9539969e+000
  2.3004770e+001  4.2342773e-026  1.7469716e+003  2.1800000e+001  4.8863440e+000
  2.3098819e+001  5.5741583e-024  5.5145300e+001  1.3300000e+001  3.0457533e-001
  2.3232238e+001  7.8973120e-024  5.3210100e+002  2.2100000e+001  4.5000703e+000
  2.3651579e+001  9.3557648e-033  4.4055268e+003  2.2300000e+001  4.9768679e+000
  2.3657471e+001  5.2927246e-024  6.5485340e+002  2.2300000e+001  4.9768679e+000
  2.3690434e+001  2.2298687e-036  6.9758015e+003  1.9300000e+001  1.8368056e+000
  2.3694496e+001  1.2763780e-023  1.5379600e+001  1.9300000e+001  1.8368056e+000
  2.3722633e+001  2.4773040e-023  4.4002600e+001  2.2400000e+001  3.9520805e+000
  2.3735458e+001  1.7574351e-030  3.9464228e+003  2.2400000e+001  3.9520805e+000
  2.3777335e+001  1.7461409e-026  1.9621028e+003  2.2000000e+001  5.1504554e+000
  2.3870129e+001  6.4830489e-023  8.5068200e+001  2.3900000e+001  5.3901135e+000
  2.4139416e+001  3.5122005e-023  1.3856460e+002  2.4300000e+001  6.3741156e+000
  2.4205287e+001  6.6157532e-024  7.8988780e+002  2.2500000e+001  5.3947112e+000
  2.4532989e+001  3.3610835e-023  2.0447580e+002  2.4400000e+001  7.0794610e+000
  2.4679782e+001  1.3616933e-026  2.1891755e+003  2.2230000e+001  5.3947185e+000
  2.4881922e+001  1.9363297e-024  9.3716570e+002  2.2700000e+001  5.7627313e+000
  2.4898011e+001  8.9120845e-031  4.2620754e+003  2.2700000e+001  5.7627313e+000
  2.4963905e+001  1.7987852e-037  7.3860757e+003  2.4500000e+001  7.6069212e+000
  2.5056025e+001  5.8408936e-023  2.8278110e+002  2.4500000e+001  7.6069212e+000
  2.5695230e+001  1.0650728e-024  1.0966447e+003  2.2900000e+001  6.0886471e+000
  2.5715182e+001  2.3392643e-023  3.7345590e+002  2.2900000e+001  6.0886471e+000
  2.5721870e+001  2.5135024e-027  2.4281225e+003  2.4500000e+001  8.0152052e+000
  2.6200111e+001  1.0741855e-031  4.5889439e+003  1.4051737e+001  2.1054946e+000
  2.6498358e+001  2.7859884e-038  7.8069285e+003  2.4600000e+001  8.3401619e+000
  2.6518981e+001  1.7417238e-023  4.7647110e+002  2.4600000e+001  8.3401619e+000
  2.6654847e+001  1.1032636e-024  1.2682784e+003  2.3100000e+001  6.3788661e+000
  2.6914979e+001  8.7877825e-028  2.6788690e+003  2.2610000e+001  5.8311874e+000
  2.7477943e+001  2.4253772e-023  5.9179370e+002  2.4700000e+001  8.6047300e+000
  2.7650847e+001  2.4636516e-032  4.9269138e+003  2.3300000e+001  6.6386743e+000
  2.7772294e+001  2.6963688e-025  1.4520164e+003  2.3300000e+001  6.6386743e+000
  2.8272348e+001  5.8261183e-028  2.9413314e+003  1.4051737e+001  2.1054946e+000
  2.8485779e+001  8.3575560e-039  8.2376324e+003  2.4800000e+001  8.8242043e+000
  2.8604737e+001  7.9228110e-024  7.1938650e+002  2.4800000e+001  8.8242043e+000
  2.9061197e+001  1.2450285e-025  1.6478037e+003  2.3500000e+001  6.8724323e+000
  2.9260098e+001  1.0756706e-032  5.2758869e+003  1.4051737e+001  2.1054946e+000
  2.9808892e+001  9.1596588e-029  3.2154159e+003  2.4900000e+001  9.0091490e+000
  2.9914486e+001  4.8705645e-024  8.5920820e+002  2.4900000e+001  9.0091490e+000
  3.0537403e+001  1.0873749e-025  1.8555804e+003  2.3600000e+001  7.0837479e+000
  3.1039732e+001  1.1180965e-033  5.6357953e+003  1.4051737e+001  2.1054946e+000
  3.1424943e+001  5.6464995e-024  1.0112138e+003  2.4900000e+001  9.1670840e+000
  3.1541691e+001  2.7345086e-029  3.5010183e+003  1.4051737e+001  2.1054946e+000
  3.2219300e+001  2.2479120e-026  2.0752803e+003  2.3710000e+001  7.2756191e+000
  3.3006222e+001  2.2134988e-034  6.0066109e+003  2.5000000e+001  9.3035026e+000
  3.3156849e+001  1.5451808e-024  1.1753538e+003  2.5000000e+001  9.3035026e+000
  3.3182690e+001  2.3816574e-033  4.8133390e+003  2.5000000e+001  9.3035026e+000
  3.3489875e+001  1.5508839e-029  3.7980257e+003  1.4051737e+001  2.1054946e+000
  3.4128050e+001  8.8039851e-027  2.3068298e+003  2.3830000e+001  7.4505508e+000
  3.5134303e+001  7.9942789e-025  1.3515743e+003  2.5100000e+001  9.4225078e+000
  3.5185495e+001  8.3517848e-035  6.3883347e+003  1.4051737e+001  2.1054946e+000
  3.5674929e+001  2.0901589e-030  4.1063206e+003  1.4051737e+001  2.1054946e+000
  3.6287873e+001  6.5385176e-027  2.5501462e+003  2.3940000e+001  7.6106472e+000
  3.7385128e+001  7.8267110e-025  1.5398161e+003  2.5100000e+001  9.5272252e+000
  3.7620983e+001  7.5124103e-036  6.7809410e+003  1.4051737e+001  2.1054946e+000
  3.8121026e+001  5.3589450e-031  4.4257895e+003  1.4051737e+001  2.1054946e+000
  3.8726458e+001  1.1515407e-027  2.8051368e+003  1.4051737e+001  2.1054946e+000
  3.9768716e+001  4.0623683e-034  5.2372904e+003  2.5200000e+001  9.6200761e+000
  3.9941430e+001  1.8145933e-025  1.7400140e+003  2.5200000e+001  9.6200761e+000
  4.0385919e+001  1.2920499e-036  7.1842239e+003  1.4051737e+001  2.1054946e+000
  4.0855648e+001  2.6150458e-031  4.7563356e+003  1.4051737e+001  2.1054946e+000
  4.1475428e+001  3.8501646e-028  3.0716984e+003  1.4051737e+001  2.1054946e+000
  4.2840032e+001  7.9703849e-026  1.9520948e+003  2.5190000e+001  9.7029655e+000
  4.3601206e+001  4.2695224e-037  7.5974676e+003  1.4051737e+001  2.1054946e+000
  4.3910633e+001  3.0365420e-032  5.0978920e+003  1.4051737e+001  2.1054946e+000
  4.4570676e+001  2.4450024e-028  3.3497187e+003  1.4051737e+001  2.1054946e+000
  4.6123291e+001  6.6401715e-026  2.1759765e+003  2.5230000e+001  9.7774120e+000
  4.7323876e+001  6.7139685e-033  5.4504319e+003  1.4051737e+001  2.1054946e+000
  4.7462016e+001  3.4267253e-038  8.0188124e+003  1.4051737e+001  2.1054946e+000
  4.8053141e+001  3.6887506e-029  3.6390809e+003  1.4051737e+001  2.1054946e+000
  4.9839645e+001  1.3121373e-026  2.4115669e+003  2.5270000e+001  9.8446409e+000
  5.1141933e+001  2.8279993e-033  5.8139581e+003  1.4051737e+001  2.1054946e+000
  5.1263891e+001  7.3752933e-035  5.6770006e+003  1.4051737e+001  2.1054946e+000
  5.1969461e+001  1.0584718e-029  3.9396723e+003  1.4051737e+001  2.1054946e+000
  5.2280622e+001  5.4610895e-039  8.4441423e+003  1.4051737e+001  2.1054946e+000
  5.4044453e+001  4.9212938e-027  2.6587628e+003  1.4051737e+001  2.1054946e+000
  5.5423690e+001  2.8371304e-034  6.1884473e+003  1.4051737e+001  2.1054946e+000
  5.6372822e+001  5.7766931e-030  4.2513963e+003  1.4051737e+001  2.1054946e+000
  5.8800894e+001  3.5065440e-027  2.9174520e+003  1.4051737e+001  2.1054946e+000
  6.0245056e+001  5.4322444e-035  6.5736987e+003  1.4051737e+001  2.1054946e+000
  6.1323834e+001  7.5003114e-031  4.5741867e+003  1.4051737e+001  2.1054946e+000
  6.2179190e+001  1.0906347e-035  6.1322963e+003  1.4051737e+001  2.1054946e+000
  6.4181168e+001  5.9344339e-028  3.1875178e+003  1.4051737e+001  2.1054946e+000
  6.5704043e+001  1.9914954e-035  6.9690074e+003  1.4051737e+001  2.1054946e+000
  6.6891252e+001  1.8534433e-031  4.9080167e+003  1.4051737e+001  2.1054946e+000
  7.0267084e+001  1.9093225e-028  3.4688470e+003  1.4051737e+001  2.1054946e+000
  7.1924865e+001  1.7631095e-036  7.3725371e+003  1.4051737e+001  2.1054946e+000
  7.3152132e+001  8.7152389e-032  5.2528896e+003  1.4051737e+001  2.1054946e+000
  7.6877965e+001  1.5466046e-036  6.6028544e+003  1.4051737e+001  2.1054946e+000
  7.7151002e+001  1.1683670e-028  3.7613428e+003  1.4051737e+001  2.1054946e+000
  7.9059703e+001  3.0717035e-037  7.7802057e+003  1.4051737e+001  2.1054946e+000
  8.0190571e+001  9.7471870e-033  5.6087825e+003  1.4051737e+001  2.1054946e+000
  8.4935843e+001  1.6997275e-029  4.0649382e+003  1.4051737e+001  2.1054946e+000
  8.7291609e+001  1.0939042e-037  8.1838313e+003  1.4051737e+001  2.1054946e+000
  8.8093491e+001  2.0752924e-033  5.9754963e+003  1.4051737e+001  2.1054946e+000
  9.2617775e+001  1.9256586e-037  7.0884560e+003  1.4051737e+001  2.1054946e+000
  9.3733836e+001  4.7019640e-030  4.3796057e+003  1.4051737e+001  2.1054946e+000
  9.6940737e+001  8.4329456e-034  6.3523323e+003  1.4051737e+001  2.1054946e+000
  1.0366268e+002  2.4716063e-030  4.7053475e+003  1.4051737e+001  2.1054946e+000
  1.0678498e+002  8.2352976e-035  6.7374691e+003  1.4051737e+001  2.1054946e+000
  1.1159876e+002  2.2298687e-038  7.5888163e+003  1.4051737e+001  2.1054946e+000
  1.1483709e+002  3.0851714e-031  5.0421391e+003  1.4051737e+001  2.1054946e+000
  1.1761491e+002  1.5724589e-035  7.1268486e+003  1.4051737e+001  2.1054946e+000
  1.2735241e+002  7.3127259e-032  5.3897796e+003  1.4051737e+001  2.1054946e+000
  1.2929498e+002  6.0768609e-036  7.5122926e+003  1.4051737e+001  2.1054946e+000
  1.4125522e+002  3.2974582e-032  5.7475685e+003  1.4051737e+001  2.1054946e+000
  1.4147986e+002  6.3588605e-037  7.8784572e+003  1.4051737e+001  2.1054946e+000
  1.5649314e+002  3.5569626e-033  6.1136848e+003  1.4051737e+001  2.1054946e+000
  1.7283206e+002  7.4572602e-034  6.4840748e+003  1.4051737e+001  2.1054946e+000
  1.8972500e+002  3.1425290e-034  6.8505655e+003  1.4051737e+001  2.1054946e+000
  2.0611217e+002  3.5495990e-035  7.1977868e+003  1.4051737e+001  2.1054946e+000
  2.2012793e+002  9.6756310e-036  7.4983212e+003  1.4051737e+001  2.1054946e+000
